IS 2014-2021, engine default costs. avg_R net of costs. L_/S_ = longs/shorts.
                            config    n   tpy   avg_R   win    PF     t  maxDD  yrs_pos  L_n  L_avgR  S_n  S_avgR
                     base Params() 1828 230.2  0.0078 0.391 1.015  0.23   43.5        4  976 -0.0082  852  0.0261
       L1 entry>=07:30 (no filter)  934 117.7 -0.0077 0.389 0.986 -0.16   30.4        3  462 -0.0286  472  0.0128
 L1 entry>=07:30 & relact_lon>=1.0  260  32.9  0.0646 0.415 1.131  0.69   16.1        5  139  0.1239  121 -0.0036
L1 entry>=07:30 & relact_lon>=1.25  106  13.8 -0.0692 0.368 0.856 -0.62   16.4        3   59  0.0062   47 -0.1640
 L1 entry>=07:30 & relact_lon>=1.5   44   6.0  0.0865 0.432 1.224  0.49    3.9        4   26  0.2866   18 -0.2025
                 L2 volstate<=0.85  346  46.3  0.1641 0.422 1.319  1.92   15.7        6  181  0.1469  165  0.1831
                  L2 volstate<=0.9  577  77.2  0.0594 0.399 1.108  0.94   19.0        6  310  0.0771  267  0.0389
                  L2 volstate<=1.0  947 126.7  0.0604 0.404 1.113  1.27   25.3        5  507  0.0298  440  0.0957
                 L3 prev daily NR7  268  34.0  0.0998 0.425 1.192  1.05   17.1        5  145  0.0441  123  0.1656
                 L3 prev daily NR4  487  61.5  0.0244 0.409 1.046  0.38   24.3        4  263 -0.0758  224  0.1420
                    L4 W/ATR>=0.32 1040 131.1  0.0512 0.440 1.114  1.34   18.4        6  548  0.0265  492  0.0787
                    L4 W/ATR>=0.39  649  81.8  0.0691 0.456 1.174  1.57   13.3        6  356  0.0484  293  0.0943

L1 entry>=07:30 & relact_lon>=1.25 by year:
       n    win  avg_R  sum_R
date                         
2014  14  0.286 -0.143   -2.0
2015  15  0.333 -0.333   -5.0
2016   8  0.125 -0.459   -3.7
2017   8  0.250 -0.418   -3.3
2018  15  0.400 -0.018   -0.3
2019   9  0.333  0.120    1.1
2020  19  0.632  0.213    4.1
2021  18  0.333  0.101    1.8

L2 volstate<=0.9 by year:
        n    win  avg_R  sum_R
date                          
2014   31  0.387 -0.226   -7.0
2015   57  0.421  0.208   11.9
2016   71  0.423  0.157   11.1
2017  133  0.406  0.002    0.2
2018   66  0.424  0.105    6.9
2019   67  0.328 -0.068   -4.6
2020   38  0.474  0.393   14.9
2021  114  0.368  0.007    0.8

L3 prev daily NR7 by year:
       n    win  avg_R  sum_R
date                         
2014  29  0.414 -0.156   -4.5
2015  38  0.447  0.522   19.8
2016  30  0.500  0.061    1.8
2017  36  0.417 -0.148   -5.3
2018  33  0.364 -0.196   -6.5
2019  34  0.382  0.091    3.1
2020  38  0.526  0.461   17.5
2021  30  0.333  0.025    0.8
