Check C: compression vs follow-through, Asian range 00-07 London, breaks 07-12, exit 20:00 (gross; net = ft - 0.47/W). P = race probability of +kW before -kW from the broken level (0.5 under a random walk).
                             subset  days  breaks  W_med  post_over_W  post_over_ATR  P0_5  P1_0  z1_0     ft  cost_W    net  net_t  net_L  net_S  yrs_pos
                                all  2076    1795   5.82         2.16           0.79 0.531 0.535  2.71  0.096   0.092  0.004   0.10  0.005  0.004        4
             W/ATR14 Q1 [0.10,0.26]   410     400   3.51         3.54           0.76 0.550 0.543  1.68  0.003   0.139 -0.136  -1.03 -0.117 -0.155        4
             W/ATR14 Q2 [0.26,0.32]   410     386   4.46         2.64           0.75 0.514 0.496 -0.16  0.018   0.104 -0.086  -0.90 -0.085 -0.086        4
             W/ATR14 Q3 [0.32,0.39]   409     365   5.60         2.15           0.77 0.518 0.511  0.39  0.127   0.085  0.042   0.51  0.040  0.044        4
             W/ATR14 Q4 [0.39,0.50]   410     344   6.91         1.82           0.80 0.560 0.584  2.68  0.227   0.068  0.159   2.11  0.180  0.139        7
             W/ATR14 Q5 [0.50,5.41]   410     288  10.05         1.32           0.89 0.506 0.584  2.10  0.115   0.048  0.067   1.17  0.026  0.121        4
       W/median20(W) Q1 [0.27,0.71]   411     399   3.61         3.41           0.76 0.556 0.520  0.77  0.047   0.135 -0.087  -0.67 -0.103 -0.072        4
       W/median20(W) Q2 [0.71,0.88]   410     375   4.57         2.71           0.78 0.523 0.521  0.76  0.017   0.105 -0.088  -0.86  0.024 -0.202        4
       W/median20(W) Q3 [0.88,1.09]   411     367   5.46         2.20           0.77 0.525 0.542  1.51  0.153   0.087  0.066   0.84  0.023  0.103        5
       W/median20(W) Q4 [1.09,1.43]   410     352   6.65         1.86           0.80 0.533 0.515  0.49  0.147   0.071  0.076   1.05  0.037  0.116        4
      W/median20(W) Q5 [1.43,14.89]   411     294  10.25         1.32           0.84 0.509 0.631  3.27  0.124   0.049  0.075   1.28  0.052  0.110        4
ATR%/median250(ATR%) Q1 [0.58,0.85]   385     329   5.05         2.38           0.92 0.615 0.604  3.44  0.357   0.106  0.252   2.31  0.163  0.337        7
ATR%/median250(ATR%) Q2 [0.85,0.93]   385     340   5.01         2.22           0.83 0.513 0.512  0.41  0.097   0.105 -0.008  -0.08  0.098 -0.126        5
ATR%/median250(ATR%) Q3 [0.93,1.03]   385     341   5.89         2.03           0.76 0.478 0.507  0.24  0.065   0.091 -0.026  -0.28 -0.197  0.149        2
ATR%/median250(ATR%) Q4 [1.03,1.19]   385     339   5.87         2.07           0.74 0.551 0.507  0.24  0.025   0.090 -0.065  -0.70 -0.085 -0.043        4
ATR%/median250(ATR%) Q5 [1.19,3.59]   385     323   8.17         2.06           0.69 0.506 0.544  1.39 -0.131   0.065 -0.196  -1.90 -0.106 -0.287        2
     Asian NR7 (narrowest of 7) = 1   327     314   3.73         3.28           0.75 0.551 0.493 -0.23 -0.014   0.133 -0.147  -1.03 -0.165 -0.131        4
     Asian NR7 (narrowest of 7) = 0  1749    1481   6.38         2.02           0.80 0.527 0.546  3.16  0.120   0.083  0.037   0.86  0.037  0.036        4
                      Asian NR4 = 1   558     528   4.19         2.94           0.75 0.546 0.500  0.00  0.020   0.122 -0.102  -1.00 -0.092 -0.111        4
                      Asian NR4 = 0  1518    1267   6.75         1.94           0.80 0.525 0.553  3.33  0.128   0.079  0.049   1.11  0.040  0.059        4
             prev-day daily NR7 = 1   297     260   5.52         2.33           0.82 0.583 0.592  2.71  0.232   0.096  0.136   1.09  0.104  0.171        5
             prev-day daily NR7 = 0  1778    1535   5.87         2.13           0.78 0.522 0.526  1.81  0.073   0.091 -0.018  -0.39 -0.012 -0.023        4
             prev-day daily NR4 = 1   537     475   5.54         2.32           0.82 0.552 0.568  2.71  0.135   0.093  0.043   0.50 -0.028  0.117        4
             prev-day daily NR4 = 0  1538    1320   5.90         2.11           0.78 0.523 0.523  1.53  0.082   0.092 -0.009  -0.19  0.016 -0.035        5

Spearman corr(W/ATR, post/W) = -0.609 ; corr(W/ATR, post/ATR) = 0.151
