# Stage 4 combos (IS), 59 configs

| group | name | n | keep | avg_R | win_rate | PF | t_stat | maxDD_R | yrs_pos | L_n | L_avg_R | L_t_stat | L_yrs_pos | S_n | S_avg_R | S_t_stat | S_yrs_pos |
|---|---|---|---|---|---|---|---|---|---|---|---|---|---|---|---|---|---|
| grid | w>=0.0|none | 1828.000 | 1.000 | 0.008 | 0.391 | 1.015 | 0.230 | 43.500 | 4 | 976.000 | -0.008 | -0.180 | 4 | 852.000 | 0.026 | 0.530 | 4 |
| grid | w>=0.0|atr/mean20<=0.9 | 434.000 | 0.237 | 0.093 | 0.408 | 1.177 | 1.250 | 20.500 | 6 | 248.000 | 0.088 | 0.910 | 4 | 186.000 | 0.101 | 0.850 | 6 |
| grid | w>=0.0|atr/mean20<=1.0 | 1017.000 | 0.556 | 0.085 | 0.410 | 1.162 | 1.790 | 21.200 | 7 | 538.000 | 0.061 | 0.930 | 4 | 479.000 | 0.112 | 1.630 | 5 |
| grid | w>=0.0|atr/mean20<=1.1 | 1474.000 | 0.806 | 0.035 | 0.397 | 1.066 | 0.930 | 40.400 | 6 | 789.000 | 0.037 | 0.710 | 5 | 685.000 | 0.034 | 0.600 | 3 |
| grid | w>=0.0|atr/mean50<=0.9 | 581.000 | 0.318 | 0.069 | 0.392 | 1.127 | 1.040 | 37.900 | 5 | 312.000 | 0.081 | 0.910 | 5 | 269.000 | 0.054 | 0.550 | 6 |
| grid | w>=0.0|atr/mean50<=1.0 | 1054.000 | 0.577 | 0.055 | 0.402 | 1.103 | 1.200 | 34.400 | 7 | 556.000 | 0.052 | 0.830 | 5 | 498.000 | 0.059 | 0.860 | 5 |
| grid | w>=0.0|atr/mean50<=1.1 | 1398.000 | 0.765 | 0.036 | 0.396 | 1.067 | 0.910 | 37.700 | 6 | 749.000 | 0.027 | 0.500 | 5 | 649.000 | 0.046 | 0.800 | 3 |
| grid | w>=0.25|none | 1453.000 | 0.795 | 0.021 | 0.416 | 1.043 | 0.610 | 30.100 | 5 | 769.000 | 0.006 | 0.140 | 5 | 684.000 | 0.038 | 0.730 | 4 |
| grid | w>=0.25|atr/mean20<=0.9 | 355.000 | 0.194 | 0.062 | 0.431 | 1.126 | 0.860 | 10.600 | 6 | 196.000 | 0.058 | 0.660 | 5 | 159.000 | 0.068 | 0.560 | 6 |
| grid | w>=0.25|atr/mean20<=1.0 | 821.000 | 0.449 | 0.093 | 0.434 | 1.192 | 1.900 | 14.500 | 8 | 425.000 | 0.101 | 1.510 | 5 | 396.000 | 0.083 | 1.170 | 5 |
| grid | w>=0.25|atr/mean20<=1.1 | 1179.000 | 0.645 | 0.050 | 0.422 | 1.100 | 1.250 | 23.700 | 6 | 627.000 | 0.050 | 0.940 | 7 | 552.000 | 0.050 | 0.830 | 4 |
| grid | w>=0.25|atr/mean50<=0.9 | 485.000 | 0.265 | 0.103 | 0.416 | 1.205 | 1.490 | 18.500 | 5 | 255.000 | 0.159 | 1.710 | 8 | 230.000 | 0.041 | 0.400 | 5 |
| grid | w>=0.25|atr/mean50<=1.0 | 857.000 | 0.469 | 0.087 | 0.432 | 1.178 | 1.810 | 17.000 | 8 | 451.000 | 0.092 | 1.450 | 7 | 406.000 | 0.081 | 1.110 | 5 |
| grid | w>=0.25|atr/mean50<=1.1 | 1119.000 | 0.612 | 0.045 | 0.418 | 1.089 | 1.090 | 23.000 | 7 | 595.000 | 0.044 | 0.800 | 5 | 524.000 | 0.045 | 0.730 | 4 |
| grid | w>=0.3|none | 1154.000 | 0.631 | 0.056 | 0.433 | 1.120 | 1.460 | 24.800 | 5 | 615.000 | 0.030 | 0.590 | 5 | 539.000 | 0.085 | 1.480 | 6 |
| grid | w>=0.3|atr/mean20<=0.9 | 286.000 | 0.156 | 0.086 | 0.451 | 1.187 | 1.100 | 7.900 | 6 | 158.000 | 0.047 | 0.520 | 4 | 128.000 | 0.136 | 0.990 | 5 |
| grid | w>=0.3|atr/mean20<=1.0 | 655.000 | 0.358 | 0.113 | 0.450 | 1.249 | 2.120 | 12.100 | 8 | 339.000 | 0.123 | 1.650 | 7 | 316.000 | 0.101 | 1.330 | 6 |
| grid | w>=0.3|atr/mean20<=1.1 | 934.000 | 0.511 | 0.079 | 0.438 | 1.170 | 1.800 | 20.200 | 6 | 496.000 | 0.073 | 1.230 | 6 | 438.000 | 0.087 | 1.320 | 5 |
| grid | w>=0.3|atr/mean50<=0.9 | 384.000 | 0.210 | 0.119 | 0.430 | 1.249 | 1.540 | 17.500 | 5 | 207.000 | 0.197 | 1.910 | 7 | 177.000 | 0.027 | 0.230 | 3 |
| grid | w>=0.3|atr/mean50<=1.0 | 687.000 | 0.376 | 0.111 | 0.448 | 1.242 | 2.110 | 16.400 | 7 | 362.000 | 0.130 | 1.850 | 7 | 325.000 | 0.090 | 1.130 | 6 |
| grid | w>=0.3|atr/mean50<=1.1 | 887.000 | 0.485 | 0.081 | 0.437 | 1.173 | 1.770 | 20.500 | 6 | 472.000 | 0.085 | 1.380 | 6 | 415.000 | 0.077 | 1.130 | 6 |
| grid | w>=0.35|none | 860.000 | 0.470 | 0.075 | 0.456 | 1.179 | 1.860 | 12.100 | 6 | 463.000 | 0.034 | 0.670 | 6 | 397.000 | 0.124 | 1.910 | 6 |
| grid | w>=0.35|atr/mean20<=0.9 | 216.000 | 0.118 | 0.160 | 0.491 | 1.392 | 1.830 | 8.500 | 6 | 121.000 | 0.114 | 1.120 | 6 | 95.000 | 0.218 | 1.440 | 5 |
| grid | w>=0.35|atr/mean20<=1.0 | 491.000 | 0.269 | 0.139 | 0.483 | 1.345 | 2.550 | 8.500 | 7 | 254.000 | 0.153 | 2.120 | 6 | 237.000 | 0.123 | 1.500 | 5 |
| grid | w>=0.35|atr/mean20<=1.1 | 683.000 | 0.374 | 0.103 | 0.464 | 1.249 | 2.230 | 10.600 | 7 | 365.000 | 0.082 | 1.420 | 7 | 318.000 | 0.128 | 1.730 | 6 |
| grid | w>=0.35|atr/mean50<=0.9 | 290.000 | 0.159 | 0.133 | 0.462 | 1.307 | 1.720 | 12.500 | 6 | 159.000 | 0.175 | 1.900 | 8 | 131.000 | 0.082 | 0.630 | 4 |
| grid | w>=0.35|atr/mean50<=1.0 | 516.000 | 0.282 | 0.122 | 0.469 | 1.295 | 2.240 | 10.300 | 7 | 279.000 | 0.130 | 1.930 | 6 | 237.000 | 0.114 | 1.280 | 5 |
| grid | w>=0.35|atr/mean50<=1.1 | 653.000 | 0.357 | 0.096 | 0.462 | 1.227 | 2.010 | 11.100 | 7 | 348.000 | 0.072 | 1.230 | 6 | 305.000 | 0.122 | 1.600 | 6 |
| grid | w>=0.4|none | 617.000 | 0.338 | 0.072 | 0.460 | 1.181 | 1.590 | 14.700 | 5 | 342.000 | 0.041 | 0.740 | 5 | 275.000 | 0.110 | 1.470 | 5 |
| grid | w>=0.4|atr/mean20<=0.9 | 159.000 | 0.087 | 0.191 | 0.516 | 1.536 | 1.990 | 10.000 | 6 | 91.000 | 0.152 | 1.400 | 5 | 68.000 | 0.242 | 1.420 | 4 |
| grid | w>=0.4|atr/mean20<=1.0 | 343.000 | 0.188 | 0.116 | 0.481 | 1.300 | 1.880 | 11.400 | 6 | 182.000 | 0.141 | 1.800 | 6 | 161.000 | 0.087 | 0.890 | 4 |
| grid | w>=0.4|atr/mean20<=1.1 | 484.000 | 0.265 | 0.077 | 0.465 | 1.195 | 1.510 | 10.300 | 5 | 269.000 | 0.071 | 1.160 | 5 | 215.000 | 0.084 | 0.980 | 5 |
| grid | w>=0.4|atr/mean50<=0.9 | 208.000 | 0.114 | 0.105 | 0.466 | 1.259 | 1.220 | 11.600 | 5 | 117.000 | 0.163 | 1.710 | 7 | 91.000 | 0.031 | 0.200 | 4 |
| grid | w>=0.4|atr/mean50<=1.0 | 368.000 | 0.201 | 0.103 | 0.476 | 1.264 | 1.710 | 10.600 | 6 | 203.000 | 0.121 | 1.700 | 7 | 165.000 | 0.082 | 0.800 | 5 |
| grid | w>=0.4|atr/mean50<=1.1 | 465.000 | 0.254 | 0.061 | 0.462 | 1.150 | 1.170 | 13.000 | 6 | 257.000 | 0.049 | 0.780 | 5 | 208.000 | 0.076 | 0.870 | 5 |
| trend | w>=0.0|none|trend20 | 1050.000 | 0.574 | 0.025 | 0.385 | 1.045 | 0.530 | 41.000 | 5 | 569.000 | 0.029 | 0.460 | 4 | 481.000 | 0.019 | 0.280 | 5 |
| trend | w>=0.0|none|trend50 | 1011.000 | 0.553 | 0.027 | 0.388 | 1.049 | 0.570 | 30.600 | 4 | 521.000 | 0.027 | 0.430 | 4 | 490.000 | 0.028 | 0.380 | 4 |
| trend | w>=0.0|none|trend100 | 1001.000 | 0.548 | 0.029 | 0.395 | 1.054 | 0.630 | 39.900 | 4 | 558.000 | 0.013 | 0.230 | 5 | 443.000 | 0.049 | 0.660 | 4 |
| trend | w>=0.0|atr/mean20<=1.0|trend20 | 609.000 | 0.333 | 0.106 | 0.407 | 1.194 | 1.610 | 19.300 | 6 | 313.000 | 0.060 | 0.670 | 4 | 296.000 | 0.155 | 1.590 | 6 |
| trend | w>=0.0|atr/mean20<=1.0|trend50 | 583.000 | 0.319 | 0.115 | 0.412 | 1.211 | 1.730 | 15.200 | 8 | 268.000 | 0.080 | 0.910 | 4 | 315.000 | 0.144 | 1.480 | 5 |
| trend | w>=0.0|atr/mean20<=1.0|trend100 | 576.000 | 0.315 | 0.117 | 0.418 | 1.219 | 1.800 | 19.000 | 6 | 312.000 | 0.033 | 0.410 | 3 | 264.000 | 0.216 | 2.070 | 5 |
| trend | w>=0.3|none|trend20 | 610.000 | 0.334 | 0.028 | 0.423 | 1.058 | 0.530 | 33.600 | 4 | 348.000 | 0.007 | 0.110 | 5 | 262.000 | 0.054 | 0.690 | 4 |
| trend | w>=0.3|none|trend50 | 580.000 | 0.317 | -0.009 | 0.410 | 0.981 | -0.180 | 18.700 | 3 | 314.000 | -0.028 | -0.450 | 4 | 266.000 | 0.013 | 0.160 | 4 |
| trend | w>=0.3|none|trend100 | 592.000 | 0.324 | 0.031 | 0.439 | 1.068 | 0.640 | 20.500 | 4 | 339.000 | 0.010 | 0.160 | 4 | 253.000 | 0.060 | 0.750 | 4 |
| trend | w>=0.3|atr/mean20<=1.0|trend20 | 359.000 | 0.196 | 0.143 | 0.462 | 1.314 | 1.900 | 11.800 | 7 | 195.000 | 0.144 | 1.350 | 7 | 164.000 | 0.142 | 1.350 | 6 |
| trend | w>=0.3|atr/mean20<=1.0|trend50 | 340.000 | 0.186 | 0.106 | 0.450 | 1.225 | 1.450 | 11.900 | 7 | 162.000 | 0.110 | 1.130 | 6 | 178.000 | 0.103 | 0.950 | 4 |
| trend | w>=0.3|atr/mean20<=1.0|trend100 | 346.000 | 0.189 | 0.122 | 0.471 | 1.270 | 1.750 | 11.700 | 7 | 190.000 | 0.061 | 0.680 | 4 | 156.000 | 0.196 | 1.790 | 6 |
| trend | w>=0.35|none|trend20 | 446.000 | 0.244 | 0.034 | 0.444 | 1.077 | 0.620 | 20.800 | 5 | 266.000 | -0.028 | -0.440 | 2 | 180.000 | 0.126 | 1.280 | 6 |
| trend | w>=0.35|none|trend50 | 418.000 | 0.229 | 0.009 | 0.431 | 1.019 | 0.150 | 17.000 | 4 | 238.000 | -0.006 | -0.090 | 5 | 180.000 | 0.028 | 0.290 | 5 |
| trend | w>=0.35|none|trend100 | 431.000 | 0.236 | 0.016 | 0.457 | 1.037 | 0.310 | 14.100 | 5 | 261.000 | 0.013 | 0.200 | 4 | 170.000 | 0.020 | 0.240 | 3 |
| trend | w>=0.35|atr/mean20<=1.0|trend20 | 272.000 | 0.149 | 0.141 | 0.485 | 1.331 | 1.840 | 8.700 | 7 | 150.000 | 0.098 | 1.060 | 5 | 122.000 | 0.192 | 1.520 | 5 |
| trend | w>=0.35|atr/mean20<=1.0|trend50 | 252.000 | 0.138 | 0.123 | 0.472 | 1.277 | 1.500 | 10.000 | 6 | 123.000 | 0.153 | 1.410 | 4 | 129.000 | 0.095 | 0.770 | 3 |
| trend | w>=0.35|atr/mean20<=1.0|trend100 | 258.000 | 0.141 | 0.114 | 0.500 | 1.273 | 1.560 | 8.300 | 6 | 146.000 | 0.106 | 1.110 | 4 | 112.000 | 0.123 | 1.080 | 4 |
| noFri | w>=0.0|none|noFri | 1469.000 | 0.804 | 0.028 | 0.396 | 1.054 | 0.760 | 34.300 | 4 | 771.000 | 0.014 | 0.270 | 3 | 698.000 | 0.044 | 0.840 | 6 |
| noFri | w>=0.0|atr/mean20<=1.0|noFri | 819.000 | 0.448 | 0.114 | 0.416 | 1.224 | 2.150 | 20.000 | 5 | 427.000 | 0.106 | 1.390 | 6 | 392.000 | 0.122 | 1.680 | 5 |
| noFri | w>=0.3|none|noFri | 949.000 | 0.519 | 0.069 | 0.433 | 1.151 | 1.630 | 16.600 | 6 | 496.000 | 0.051 | 0.880 | 5 | 453.000 | 0.088 | 1.440 | 6 |
| noFri | w>=0.3|atr/mean20<=1.0|noFri | 542.000 | 0.296 | 0.143 | 0.456 | 1.324 | 2.410 | 10.500 | 8 | 277.000 | 0.168 | 1.980 | 8 | 265.000 | 0.117 | 1.420 | 7 |
| noFri | w>=0.35|none|noFri | 706.000 | 0.386 | 0.093 | 0.456 | 1.225 | 2.070 | 11.700 | 6 | 371.000 | 0.063 | 1.100 | 7 | 335.000 | 0.127 | 1.800 | 6 |
| noFri | w>=0.35|atr/mean20<=1.0|noFri | 407.000 | 0.223 | 0.166 | 0.484 | 1.421 | 2.720 | 6.900 | 7 | 209.000 | 0.191 | 2.380 | 7 | 198.000 | 0.140 | 1.510 | 7 |

### avg_R (rows vol filter, cols min_w_atr)

| vol | w>=0.0 | w>=0.25 | w>=0.3 | w>=0.35 | w>=0.4 |
|---|---|---|---|---|---|
| atr/mean20<=0.9 | 0.093 | 0.062 | 0.086 | 0.160 | 0.191 |
| atr/mean20<=1.0 | 0.085 | 0.093 | 0.113 | 0.139 | 0.116 |
| atr/mean20<=1.1 | 0.036 | 0.050 | 0.079 | 0.104 | 0.077 |
| atr/mean50<=0.9 | 0.069 | 0.103 | 0.119 | 0.133 | 0.106 |
| atr/mean50<=1.0 | 0.055 | 0.087 | 0.111 | 0.122 | 0.104 |
| atr/mean50<=1.1 | 0.036 | 0.045 | 0.081 | 0.096 | 0.061 |
| none | 0.008 | 0.021 | 0.056 | 0.075 | 0.072 |

### t_stat

| vol | w>=0.0 | w>=0.25 | w>=0.3 | w>=0.35 | w>=0.4 |
|---|---|---|---|---|---|
| atr/mean20<=0.9 | 1.25 | 0.86 | 1.10 | 1.83 | 1.99 |
| atr/mean20<=1.0 | 1.79 | 1.90 | 2.12 | 2.55 | 1.88 |
| atr/mean20<=1.1 | 0.93 | 1.25 | 1.80 | 2.23 | 1.51 |
| atr/mean50<=0.9 | 1.04 | 1.49 | 1.54 | 1.72 | 1.22 |
| atr/mean50<=1.0 | 1.20 | 1.81 | 2.11 | 2.24 | 1.71 |
| atr/mean50<=1.1 | 0.91 | 1.09 | 1.77 | 2.01 | 1.17 |
| none | 0.23 | 0.61 | 1.46 | 1.86 | 1.59 |

### IS years positive

| vol | w>=0.0 | w>=0.25 | w>=0.3 | w>=0.35 | w>=0.4 |
|---|---|---|---|---|---|
| atr/mean20<=0.9 | 6 | 6 | 6 | 6 | 6 |
| atr/mean20<=1.0 | 7 | 8 | 8 | 7 | 6 |
| atr/mean20<=1.1 | 6 | 6 | 6 | 7 | 5 |
| atr/mean50<=0.9 | 5 | 5 | 5 | 6 | 5 |
| atr/mean50<=1.0 | 7 | 8 | 7 | 7 | 6 |
| atr/mean50<=1.1 | 6 | 7 | 6 | 7 | 6 |
| none | 4 | 5 | 5 | 6 | 5 |
