# Stage 5 filters x exits (IS), 60 configs

| filter | sl_k | tp_r | n | avg_R | win_rate | PF | t_stat | maxDD_R | yrs_pos | L_avg_R | L_t_stat | S_avg_R | S_t_stat |
|---|---|---|---|---|---|---|---|---|---|---|---|---|---|
| none | 0.500 | 0.000 | 1828.000 | -0.038 | 0.243 | 0.952 | -0.720 | 128.300 | 4 | -0.026 | -0.360 | -0.051 | -0.660 |
| none | 0.500 | 1.000 | 1828.000 | -0.117 | 0.460 | 0.791 | -5.000 | 216.700 | 0 | -0.124 | -3.870 | -0.110 | -3.190 |
| none | 0.500 | 2.000 | 1828.000 | -0.093 | 0.329 | 0.865 | -2.920 | 177.200 | 0 | -0.076 | -1.730 | -0.114 | -2.420 |
| none | 0.500 | 3.000 | 1828.000 | -0.087 | 0.277 | 0.883 | -2.310 | 173.200 | 0 | -0.078 | -1.530 | -0.098 | -1.750 |
| none | 0.750 | 0.000 | 1828.000 | -0.018 | 0.327 | 0.972 | -0.450 | 60.600 | 5 | -0.050 | -0.920 | 0.018 | 0.290 |
| none | 0.750 | 1.000 | 1828.000 | -0.063 | 0.474 | 0.877 | -2.750 | 114.500 | 1 | -0.092 | -2.990 | -0.029 | -0.850 |
| none | 0.750 | 2.000 | 1828.000 | -0.043 | 0.370 | 0.929 | -1.430 | 93.100 | 1 | -0.062 | -1.540 | -0.021 | -0.470 |
| none | 0.750 | 3.000 | 1828.000 | -0.034 | 0.342 | 0.946 | -1.000 | 78.800 | 3 | -0.050 | -1.090 | -0.015 | -0.310 |
| none | 1.000 | 0.000 | 1828.000 | 0.008 | 0.391 | 1.015 | 0.230 | 43.500 | 4 | -0.008 | -0.180 | 0.026 | 0.530 |
| none | 1.000 | 1.000 | 1828.000 | -0.037 | 0.484 | 0.920 | -1.700 | 79.500 | 1 | -0.052 | -1.780 | -0.019 | -0.610 |
| none | 1.000 | 2.000 | 1828.000 | -0.018 | 0.409 | 0.965 | -0.660 | 63.500 | 3 | -0.031 | -0.850 | -0.003 | -0.080 |
| none | 1.000 | 3.000 | 1828.000 | 0.008 | 0.398 | 1.015 | 0.260 | 40.600 | 4 | -0.009 | -0.210 | 0.027 | 0.580 |
| w>=0.3 | 0.500 | 0.000 | 1154.000 | 0.073 | 0.295 | 1.103 | 1.150 | 69.900 | 6 | 0.076 | 0.860 | 0.071 | 0.770 |
| w>=0.3 | 0.500 | 1.000 | 1154.000 | -0.082 | 0.472 | 0.848 | -2.790 | 99.300 | 0 | -0.079 | -1.960 | -0.086 | -1.990 |
| w>=0.3 | 0.500 | 2.000 | 1154.000 | -0.029 | 0.354 | 0.956 | -0.720 | 43.300 | 3 | -0.023 | -0.420 | -0.036 | -0.610 |
| w>=0.3 | 0.500 | 3.000 | 1154.000 | -0.017 | 0.310 | 0.975 | -0.370 | 52.000 | 3 | -0.027 | -0.430 | -0.006 | -0.090 |
| w>=0.3 | 0.750 | 0.000 | 1154.000 | 0.040 | 0.372 | 1.069 | 0.840 | 35.200 | 4 | 0.010 | 0.160 | 0.073 | 1.040 |
| w>=0.3 | 0.750 | 1.000 | 1154.000 | -0.051 | 0.472 | 0.896 | -1.820 | 61.100 | 3 | -0.075 | -1.960 | -0.024 | -0.580 |
| w>=0.3 | 0.750 | 2.000 | 1154.000 | -0.015 | 0.391 | 0.973 | -0.420 | 38.800 | 4 | -0.043 | -0.890 | 0.016 | 0.300 |
| w>=0.3 | 0.750 | 3.000 | 1154.000 | -0.003 | 0.376 | 0.995 | -0.070 | 38.300 | 3 | -0.016 | -0.300 | 0.013 | 0.210 |
| w>=0.3 | 1.000 | 0.000 | 1154.000 | 0.056 | 0.433 | 1.120 | 1.460 | 24.800 | 5 | 0.030 | 0.590 | 0.085 | 1.480 |
| w>=0.3 | 1.000 | 1.000 | 1154.000 | -0.009 | 0.490 | 0.980 | -0.320 | 27.500 | 6 | -0.019 | -0.540 | 0.004 | 0.100 |
| w>=0.3 | 1.000 | 2.000 | 1154.000 | 0.016 | 0.440 | 1.035 | 0.500 | 23.700 | 4 | 0.004 | 0.080 | 0.030 | 0.620 |
| w>=0.3 | 1.000 | 3.000 | 1154.000 | 0.033 | 0.433 | 1.070 | 0.940 | 27.000 | 5 | 0.006 | 0.140 | 0.062 | 1.190 |
| w>=0.3&a20<=1 | 0.500 | 0.000 | 655.000 | 0.145 | 0.304 | 1.207 | 1.630 | 33.900 | 6 | 0.186 | 1.430 | 0.101 | 0.840 |
| w>=0.3&a20<=1 | 0.500 | 1.000 | 655.000 | -0.058 | 0.484 | 0.890 | -1.480 | 40.700 | 1 | -0.042 | -0.780 | -0.074 | -1.320 |
| w>=0.3&a20<=1 | 0.500 | 2.000 | 655.000 | 0.018 | 0.368 | 1.027 | 0.320 | 24.200 | 4 | 0.038 | 0.510 | -0.005 | -0.060 |
| w>=0.3&a20<=1 | 0.500 | 3.000 | 655.000 | 0.048 | 0.324 | 1.070 | 0.750 | 25.200 | 6 | 0.072 | 0.810 | 0.022 | 0.240 |
| w>=0.3&a20<=1 | 0.750 | 0.000 | 655.000 | 0.110 | 0.388 | 1.195 | 1.650 | 14.500 | 8 | 0.115 | 1.230 | 0.104 | 1.100 |
| w>=0.3&a20<=1 | 0.750 | 1.000 | 655.000 | -0.003 | 0.496 | 0.993 | -0.090 | 19.100 | 4 | -0.018 | -0.350 | 0.013 | 0.240 |
| w>=0.3&a20<=1 | 0.750 | 2.000 | 655.000 | 0.042 | 0.409 | 1.077 | 0.850 | 16.900 | 5 | 0.054 | 0.800 | 0.029 | 0.410 |
| w>=0.3&a20<=1 | 0.750 | 3.000 | 655.000 | 0.062 | 0.394 | 1.110 | 1.120 | 15.400 | 5 | 0.078 | 1.030 | 0.044 | 0.560 |
| w>=0.3&a20<=1 | 1.000 | 0.000 | 655.000 | 0.113 | 0.450 | 1.249 | 2.120 | 12.100 | 8 | 0.123 | 1.650 | 0.101 | 1.330 |
| w>=0.3&a20<=1 | 1.000 | 1.000 | 655.000 | 0.028 | 0.511 | 1.069 | 0.800 | 11.700 | 5 | 0.036 | 0.740 | 0.020 | 0.390 |
| w>=0.3&a20<=1 | 1.000 | 2.000 | 655.000 | 0.067 | 0.458 | 1.150 | 1.540 | 12.900 | 6 | 0.090 | 1.500 | 0.042 | 0.670 |
| w>=0.3&a20<=1 | 1.000 | 3.000 | 655.000 | 0.083 | 0.450 | 1.184 | 1.760 | 16.100 | 7 | 0.086 | 1.330 | 0.080 | 1.150 |
| w>=0.35&a20<=1 | 0.500 | 0.000 | 491.000 | 0.199 | 0.342 | 1.303 | 2.180 | 22.200 | 5 | 0.218 | 1.700 | 0.178 | 1.370 |
| w>=0.35&a20<=1 | 0.500 | 1.000 | 491.000 | 0.000 | 0.511 | 1.000 | 0.000 | 23.200 | 4 | 0.017 | 0.260 | -0.017 | -0.270 |
| w>=0.35&a20<=1 | 0.500 | 2.000 | 491.000 | 0.092 | 0.397 | 1.152 | 1.460 | 22.400 | 7 | 0.111 | 1.260 | 0.072 | 0.800 |
| w>=0.35&a20<=1 | 0.500 | 3.000 | 491.000 | 0.139 | 0.360 | 1.218 | 1.870 | 21.100 | 7 | 0.150 | 1.460 | 0.128 | 1.190 |
| w>=0.35&a20<=1 | 0.750 | 0.000 | 491.000 | 0.165 | 0.430 | 1.324 | 2.380 | 10.600 | 7 | 0.154 | 1.680 | 0.176 | 1.680 |
| w>=0.35&a20<=1 | 0.750 | 1.000 | 491.000 | 0.064 | 0.527 | 1.148 | 1.490 | 9.800 | 6 | 0.061 | 1.030 | 0.067 | 1.080 |
| w>=0.35&a20<=1 | 0.750 | 2.000 | 491.000 | 0.130 | 0.450 | 1.264 | 2.310 | 11.900 | 7 | 0.137 | 1.770 | 0.122 | 1.490 |
| w>=0.35&a20<=1 | 0.750 | 3.000 | 491.000 | 0.138 | 0.436 | 1.274 | 2.230 | 13.900 | 6 | 0.152 | 1.780 | 0.124 | 1.370 |
| w>=0.35&a20<=1 | 1.000 | 0.000 | 491.000 | 0.139 | 0.483 | 1.345 | 2.550 | 8.500 | 7 | 0.153 | 2.120 | 0.123 | 1.500 |
| w>=0.35&a20<=1 | 1.000 | 1.000 | 491.000 | 0.079 | 0.534 | 1.214 | 2.000 | 8.900 | 8 | 0.110 | 2.020 | 0.046 | 0.800 |
| w>=0.35&a20<=1 | 1.000 | 2.000 | 491.000 | 0.114 | 0.489 | 1.286 | 2.360 | 8.500 | 6 | 0.152 | 2.280 | 0.072 | 1.040 |
| w>=0.35&a20<=1 | 1.000 | 3.000 | 491.000 | 0.128 | 0.483 | 1.318 | 2.470 | 8.500 | 7 | 0.143 | 2.040 | 0.111 | 1.450 |
| w>=0.3&a50<=1 | 0.500 | 0.000 | 687.000 | 0.150 | 0.295 | 1.212 | 1.690 | 45.800 | 6 | 0.195 | 1.580 | 0.101 | 0.790 |
| w>=0.3&a50<=1 | 0.500 | 1.000 | 687.000 | -0.068 | 0.479 | 0.873 | -1.770 | 49.500 | 1 | -0.027 | -0.510 | -0.113 | -2.040 |
| w>=0.3&a50<=1 | 0.500 | 2.000 | 687.000 | 0.004 | 0.361 | 1.005 | 0.070 | 28.000 | 5 | 0.053 | 0.730 | -0.052 | -0.680 |
| w>=0.3&a50<=1 | 0.500 | 3.000 | 687.000 | 0.046 | 0.314 | 1.067 | 0.730 | 33.900 | 6 | 0.097 | 1.110 | -0.010 | -0.100 |
| w>=0.3&a50<=1 | 0.750 | 0.000 | 687.000 | 0.100 | 0.377 | 1.173 | 1.510 | 22.800 | 6 | 0.118 | 1.340 | 0.079 | 0.800 |
| w>=0.3&a50<=1 | 0.750 | 1.000 | 687.000 | -0.041 | 0.482 | 0.917 | -1.110 | 33.300 | 4 | -0.020 | -0.410 | -0.064 | -1.170 |
| w>=0.3&a50<=1 | 0.750 | 2.000 | 687.000 | 0.027 | 0.397 | 1.049 | 0.570 | 23.700 | 4 | 0.067 | 1.010 | -0.016 | -0.230 |
| w>=0.3&a50<=1 | 0.750 | 3.000 | 687.000 | 0.038 | 0.381 | 1.067 | 0.720 | 24.300 | 3 | 0.085 | 1.150 | -0.013 | -0.160 |
| w>=0.3&a50<=1 | 1.000 | 0.000 | 687.000 | 0.111 | 0.448 | 1.242 | 2.110 | 16.400 | 7 | 0.130 | 1.850 | 0.090 | 1.130 |
| w>=0.3&a50<=1 | 1.000 | 1.000 | 687.000 | 0.018 | 0.509 | 1.044 | 0.530 | 12.800 | 5 | 0.052 | 1.100 | -0.018 | -0.360 |
| w>=0.3&a50<=1 | 1.000 | 2.000 | 687.000 | 0.060 | 0.456 | 1.132 | 1.400 | 16.700 | 7 | 0.103 | 1.780 | 0.012 | 0.190 |
| w>=0.3&a50<=1 | 1.000 | 3.000 | 687.000 | 0.083 | 0.448 | 1.180 | 1.770 | 20.600 | 7 | 0.106 | 1.720 | 0.056 | 0.790 |

### t_stat matrix

| sl_k | tp_r | none | w>=0.3 | w>=0.3&a20<=1 | w>=0.3&a50<=1 | w>=0.35&a20<=1 |
|---|---|---|---|---|---|---|
| 0.50 | 0.00 | -0.72 | 1.15 | 1.63 | 1.69 | 2.18 |
| 0.50 | 1.00 | -5.00 | -2.79 | -1.48 | -1.77 | 0.00 |
| 0.50 | 2.00 | -2.92 | -0.72 | 0.32 | 0.07 | 1.46 |
| 0.50 | 3.00 | -2.31 | -0.37 | 0.75 | 0.73 | 1.87 |
| 0.75 | 0.00 | -0.45 | 0.84 | 1.65 | 1.51 | 2.38 |
| 0.75 | 1.00 | -2.75 | -1.82 | -0.09 | -1.11 | 1.49 |
| 0.75 | 2.00 | -1.43 | -0.42 | 0.85 | 0.57 | 2.31 |
| 0.75 | 3.00 | -1.00 | -0.07 | 1.12 | 0.72 | 2.23 |
| 1.00 | 0.00 | 0.23 | 1.46 | 2.12 | 2.11 | 2.55 |
| 1.00 | 1.00 | -1.70 | -0.32 | 0.80 | 0.53 | 2.00 |
| 1.00 | 2.00 | -0.66 | 0.50 | 1.54 | 1.40 | 2.36 |
| 1.00 | 3.00 | 0.26 | 0.94 | 1.76 | 1.77 | 2.47 |

### avg_R matrix

| sl_k | tp_r | none | w>=0.3 | w>=0.3&a20<=1 | w>=0.3&a50<=1 | w>=0.35&a20<=1 |
|---|---|---|---|---|---|---|
| 0.500 | 0.000 | -0.038 | 0.073 | 0.145 | 0.150 | 0.199 |
| 0.500 | 1.000 | -0.117 | -0.082 | -0.058 | -0.068 | 0.000 |
| 0.500 | 2.000 | -0.093 | -0.029 | 0.018 | 0.004 | 0.092 |
| 0.500 | 3.000 | -0.087 | -0.017 | 0.048 | 0.046 | 0.139 |
| 0.750 | 0.000 | -0.018 | 0.040 | 0.110 | 0.100 | 0.164 |
| 0.750 | 1.000 | -0.063 | -0.051 | -0.003 | -0.041 | 0.064 |
| 0.750 | 2.000 | -0.043 | -0.015 | 0.042 | 0.027 | 0.130 |
| 0.750 | 3.000 | -0.034 | -0.003 | 0.062 | 0.038 | 0.138 |
| 1.000 | 0.000 | 0.008 | 0.056 | 0.113 | 0.111 | 0.139 |
| 1.000 | 1.000 | -0.037 | -0.008 | 0.028 | 0.018 | 0.079 |
| 1.000 | 2.000 | -0.018 | 0.016 | 0.067 | 0.060 | 0.114 |
| 1.000 | 3.000 | 0.008 | 0.033 | 0.083 | 0.082 | 0.128 |
