# Stage 2 single-filter sweeps (IS 2014-2021), 81 configs

| group | name | n | keep | avg_R | win_rate | PF | t_stat | maxDD_R | yrs_pos | L_n | L_avg_R | L_t_stat | S_n | S_avg_R | S_t_stat |
|---|---|---|---|---|---|---|---|---|---|---|---|---|---|---|---|
| 0 base | default | 1828.000 | 1.000 | 0.008 | 0.391 | 1.015 | 0.230 | 43.500 | 4 | 976.000 | -0.008 | -0.180 | 852.000 | 0.026 | 0.530 |
| A comp_max | comp10<=0.6 | 185.000 | 0.101 | 0.078 | 0.314 | 1.114 | 0.550 | 23.300 | 4 | 94.000 | 0.191 | 0.860 | 91.000 | -0.038 | -0.220 |
| A comp_max | comp10<=0.8 | 602.000 | 0.329 | -0.052 | 0.326 | 0.920 | -0.790 | 51.000 | 3 | 324.000 | -0.057 | -0.630 | 278.000 | -0.047 | -0.490 |
| A comp_max | comp10<=1.0 | 1028.000 | 0.562 | -0.030 | 0.349 | 0.951 | -0.620 | 65.800 | 2 | 543.000 | -0.037 | -0.540 | 485.000 | -0.022 | -0.320 |
| A comp_max | comp10<=1.2 | 1319.000 | 0.722 | -0.017 | 0.363 | 0.972 | -0.390 | 53.800 | 3 | 686.000 | -0.031 | -0.530 | 633.000 | -0.001 | -0.010 |
| A comp_max | comp20<=0.6 | 184.000 | 0.101 | 0.011 | 0.288 | 1.016 | 0.080 | 26.700 | 5 | 103.000 | 0.059 | 0.280 | 81.000 | -0.049 | -0.280 |
| A comp_max | comp20<=0.8 | 600.000 | 0.328 | -0.048 | 0.315 | 0.928 | -0.710 | 48.200 | 2 | 321.000 | -0.019 | -0.200 | 279.000 | -0.081 | -0.820 |
| A comp_max | comp20<=1.0 | 1038.000 | 0.568 | -0.021 | 0.343 | 0.966 | -0.430 | 55.100 | 2 | 546.000 | -0.019 | -0.270 | 492.000 | -0.024 | -0.330 |
| A comp_max | comp20<=1.2 | 1321.000 | 0.723 | -0.005 | 0.369 | 0.991 | -0.120 | 62.700 | 3 | 681.000 | -0.009 | -0.150 | 640.000 | -0.001 | -0.010 |
| A comp_max | comp50<=0.6 | 202.000 | 0.111 | 0.059 | 0.292 | 1.082 | 0.420 | 26.300 | 4 | 104.000 | 0.046 | 0.220 | 98.000 | 0.073 | 0.390 |
| A comp_max | comp50<=0.8 | 603.000 | 0.330 | -0.004 | 0.325 | 0.994 | -0.050 | 52.900 | 3 | 324.000 | -0.025 | -0.250 | 279.000 | 0.021 | 0.200 |
| A comp_max | comp50<=1.0 | 1029.000 | 0.563 | -0.021 | 0.346 | 0.967 | -0.410 | 51.300 | 3 | 549.000 | -0.014 | -0.200 | 480.000 | -0.029 | -0.400 |
| A comp_max | comp50<=1.2 | 1289.000 | 0.705 | 0.008 | 0.367 | 1.014 | 0.190 | 52.300 | 4 | 684.000 | 0.009 | 0.150 | 605.000 | 0.007 | 0.110 |
| A comp_min | comp10>=0.8 | 1226.000 | 0.671 | 0.037 | 0.423 | 1.078 | 0.980 | 31.900 | 6 | 652.000 | 0.016 | 0.310 | 574.000 | 0.061 | 1.090 |
| A comp_min | comp10>=1.0 | 801.000 | 0.438 | 0.055 | 0.443 | 1.126 | 1.270 | 19.500 | 6 | 433.000 | 0.028 | 0.510 | 368.000 | 0.087 | 1.280 |
| A comp_min | comp10>=1.2 | 509.000 | 0.278 | 0.071 | 0.462 | 1.185 | 1.480 | 12.600 | 5 | 290.000 | 0.047 | 0.790 | 219.000 | 0.104 | 1.290 |
| A comp_min | comp10>=1.5 | 253.000 | 0.138 | 0.105 | 0.486 | 1.317 | 1.730 | 8.200 | 5 | 150.000 | 0.018 | 0.250 | 103.000 | 0.231 | 2.270 |
| A comp_min | comp20>=0.8 | 1228.000 | 0.672 | 0.035 | 0.428 | 1.073 | 0.940 | 25.100 | 5 | 655.000 | -0.003 | -0.060 | 573.000 | 0.078 | 1.410 |
| A comp_min | comp20>=1.0 | 791.000 | 0.433 | 0.047 | 0.454 | 1.110 | 1.130 | 16.200 | 5 | 430.000 | 0.006 | 0.110 | 361.000 | 0.095 | 1.470 |
| A comp_min | comp20>=1.2 | 507.000 | 0.277 | 0.041 | 0.446 | 1.105 | 0.880 | 21.400 | 4 | 295.000 | -0.006 | -0.100 | 212.000 | 0.107 | 1.340 |
| A comp_min | comp20>=1.5 | 259.000 | 0.142 | 0.009 | 0.456 | 1.027 | 0.170 | 18.400 | 4 | 161.000 | -0.035 | -0.520 | 98.000 | 0.083 | 0.880 |
| A comp_min | comp50>=0.8 | 1214.000 | 0.664 | 0.011 | 0.423 | 1.023 | 0.310 | 22.000 | 3 | 649.000 | -0.004 | -0.090 | 565.000 | 0.028 | 0.530 |
| A comp_min | comp50>=1.0 | 790.000 | 0.432 | 0.043 | 0.451 | 1.102 | 1.080 | 16.100 | 4 | 425.000 | -0.005 | -0.110 | 365.000 | 0.099 | 1.540 |
| A comp_min | comp50>=1.2 | 528.000 | 0.289 | 0.001 | 0.449 | 1.003 | 0.030 | 29.700 | 4 | 289.000 | -0.059 | -1.060 | 239.000 | 0.074 | 1.120 |
| A comp_min | comp50>=1.5 | 279.000 | 0.153 | 0.026 | 0.462 | 1.076 | 0.480 | 14.300 | 4 | 168.000 | -0.031 | -0.440 | 111.000 | 0.114 | 1.300 |
| B min_w_atr | w_atr>=0.2 | 1687.000 | 0.923 | -0.006 | 0.397 | 0.989 | -0.170 | 50.600 | 4 | 902.000 | -0.038 | -0.870 | 785.000 | 0.032 | 0.630 |
| B min_w_atr | w_atr>=0.25 | 1453.000 | 0.795 | 0.021 | 0.416 | 1.043 | 0.610 | 30.100 | 5 | 769.000 | 0.006 | 0.140 | 684.000 | 0.038 | 0.730 |
| B min_w_atr | w_atr>=0.3 | 1154.000 | 0.631 | 0.056 | 0.433 | 1.120 | 1.460 | 24.800 | 5 | 615.000 | 0.030 | 0.590 | 539.000 | 0.085 | 1.480 |
| B min_w_atr | w_atr>=0.35 | 860.000 | 0.470 | 0.075 | 0.456 | 1.179 | 1.860 | 12.100 | 6 | 463.000 | 0.034 | 0.670 | 397.000 | 0.124 | 1.910 |
| B min_w_atr | w_atr>=0.4 | 617.000 | 0.338 | 0.072 | 0.460 | 1.181 | 1.590 | 14.700 | 5 | 342.000 | 0.041 | 0.740 | 275.000 | 0.110 | 1.470 |
| B min_w_atr | w_atr>=0.5 | 298.000 | 0.163 | 0.022 | 0.450 | 1.062 | 0.410 | 18.400 | 3 | 176.000 | -0.026 | -0.390 | 122.000 | 0.091 | 0.980 |
| B max_w_atr | w_atr<=0.3 | 674.000 | 0.369 | -0.074 | 0.318 | 0.888 | -1.190 | 71.700 | 2 | 361.000 | -0.073 | -0.860 | 313.000 | -0.075 | -0.830 |
| B max_w_atr | w_atr<=0.4 | 1211.000 | 0.662 | -0.025 | 0.355 | 0.959 | -0.550 | 68.400 | 4 | 634.000 | -0.035 | -0.550 | 577.000 | -0.014 | -0.220 |
| B max_w_atr | w_atr<=0.5 | 1530.000 | 0.837 | 0.005 | 0.379 | 1.009 | 0.130 | 43.700 | 3 | 800.000 | -0.004 | -0.080 | 730.000 | 0.015 | 0.270 |
| B max_w_atr | w_atr<=0.6 | 1670.000 | 0.914 | -0.001 | 0.380 | 0.999 | -0.020 | 48.100 | 2 | 878.000 | -0.008 | -0.160 | 792.000 | 0.007 | 0.140 |
| B max_w_atr | w_atr<=0.8 | 1783.000 | 0.975 | 0.004 | 0.387 | 1.007 | 0.120 | 43.700 | 4 | 951.000 | -0.011 | -0.230 | 832.000 | 0.021 | 0.420 |
| B max_w_atr | w_atr<=1.0 | 1812.000 | 0.991 | 0.006 | 0.389 | 1.012 | 0.190 | 43.500 | 4 | 967.000 | -0.009 | -0.190 | 845.000 | 0.023 | 0.470 |
| B band | 0.25<=w_atr<=0.6 | 1295.000 | 0.708 | 0.012 | 0.405 | 1.023 | 0.320 | 27.200 | 5 | 671.000 | 0.009 | 0.170 | 624.000 | 0.015 | 0.270 |
| B band | 0.25<=w_atr<=0.8 | 1408.000 | 0.770 | 0.017 | 0.412 | 1.033 | 0.470 | 32.700 | 5 | 744.000 | 0.004 | 0.080 | 664.000 | 0.032 | 0.590 |
| B band | 0.25<=w_atr<=1.0 | 1437.000 | 0.786 | 0.019 | 0.414 | 1.039 | 0.560 | 30.800 | 5 | 760.000 | 0.006 | 0.130 | 677.000 | 0.034 | 0.650 |
| B band | 0.3<=w_atr<=0.6 | 996.000 | 0.545 | 0.049 | 0.423 | 1.100 | 1.140 | 25.200 | 5 | 517.000 | 0.038 | 0.640 | 479.000 | 0.061 | 0.980 |
| B band | 0.3<=w_atr<=0.8 | 1109.000 | 0.607 | 0.051 | 0.429 | 1.109 | 1.300 | 24.500 | 6 | 590.000 | 0.028 | 0.520 | 519.000 | 0.079 | 1.330 |
| B band | 0.3<=w_atr<=1.0 | 1138.000 | 0.623 | 0.054 | 0.431 | 1.115 | 1.390 | 24.500 | 5 | 606.000 | 0.030 | 0.580 | 532.000 | 0.081 | 1.400 |
| B band | 0.35<=w_atr<=0.6 | 702.000 | 0.384 | 0.070 | 0.446 | 1.155 | 1.490 | 15.000 | 7 | 365.000 | 0.045 | 0.760 | 337.000 | 0.098 | 1.320 |
| B band | 0.35<=w_atr<=0.8 | 815.000 | 0.446 | 0.071 | 0.452 | 1.163 | 1.670 | 12.200 | 6 | 438.000 | 0.030 | 0.580 | 377.000 | 0.117 | 1.730 |
| B band | 0.35<=w_atr<=1.0 | 844.000 | 0.462 | 0.073 | 0.454 | 1.172 | 1.780 | 12.200 | 6 | 454.000 | 0.034 | 0.660 | 390.000 | 0.119 | 1.810 |
| C trend | trend20_with | 1050.000 | 0.574 | 0.025 | 0.385 | 1.045 | 0.530 | 41.000 | 5 | 569.000 | 0.029 | 0.460 | 481.000 | 0.019 | 0.280 |
| C trend | trend20_against | 1048.000 | 0.573 | -0.029 | 0.378 | 0.947 | -0.670 | 49.700 | 4 | 523.000 | -0.092 | -1.570 | 525.000 | 0.034 | 0.540 |
| C trend | trend50_with | 1011.000 | 0.553 | 0.027 | 0.388 | 1.049 | 0.570 | 30.600 | 4 | 521.000 | 0.027 | 0.430 | 490.000 | 0.028 | 0.380 |
| C trend | trend50_against | 1055.000 | 0.577 | -0.025 | 0.374 | 0.953 | -0.590 | 54.600 | 3 | 553.000 | -0.085 | -1.410 | 502.000 | 0.040 | 0.640 |
| C trend | trend100_with | 1001.000 | 0.548 | 0.029 | 0.395 | 1.054 | 0.630 | 39.900 | 4 | 558.000 | 0.013 | 0.230 | 443.000 | 0.049 | 0.660 |
| C trend | trend100_against | 1007.000 | 0.551 | -0.023 | 0.368 | 0.958 | -0.510 | 42.100 | 4 | 488.000 | -0.065 | -0.980 | 519.000 | 0.015 | 0.240 |
| C trend | trend200_with | 941.000 | 0.515 | 0.028 | 0.393 | 1.051 | 0.590 | 42.900 | 4 | 537.000 | 0.014 | 0.230 | 404.000 | 0.046 | 0.600 |
| C trend | trend200_against | 963.000 | 0.527 | -0.016 | 0.374 | 0.971 | -0.340 | 37.700 | 3 | 445.000 | -0.065 | -1.010 | 518.000 | 0.027 | 0.420 |
| D dow_excl | no_Mon | 1477.000 | 0.808 | -0.010 | 0.381 | 0.981 | -0.270 | 55.200 | 3 | 811.000 | -0.023 | -0.440 | 666.000 | 0.005 | 0.080 |
| D dow_excl | no_Tue | 1450.000 | 0.793 | 0.002 | 0.388 | 1.003 | 0.050 | 58.600 | 5 | 773.000 | -0.004 | -0.090 | 677.000 | 0.009 | 0.170 |
| D dow_excl | no_Wed | 1458.000 | 0.798 | 0.026 | 0.396 | 1.049 | 0.700 | 40.900 | 6 | 769.000 | 0.018 | 0.350 | 689.000 | 0.035 | 0.640 |
| D dow_excl | no_Thu | 1458.000 | 0.798 | -0.007 | 0.392 | 0.988 | -0.180 | 50.800 | 4 | 780.000 | -0.044 | -0.950 | 678.000 | 0.036 | 0.650 |
| D dow_excl | no_Fri | 1469.000 | 0.804 | 0.028 | 0.396 | 1.054 | 0.760 | 34.300 | 4 | 771.000 | 0.014 | 0.270 | 698.000 | 0.044 | 0.840 |
| D dow_only | only_Mon | 351.000 | 0.192 | 0.084 | 0.433 | 1.192 | 1.240 | 16.700 | 4 | 165.000 | 0.063 | 0.710 | 186.000 | 0.103 | 1.010 |
| D dow_only | only_Tue | 378.000 | 0.207 | 0.030 | 0.402 | 1.057 | 0.420 | 21.200 | 4 | 203.000 | -0.022 | -0.230 | 175.000 | 0.092 | 0.840 |
| D dow_only | only_Wed | 370.000 | 0.202 | -0.065 | 0.368 | 0.886 | -0.900 | 58.000 | 2 | 207.000 | -0.105 | -1.080 | 163.000 | -0.014 | -0.130 |
| D dow_only | only_Thu | 370.000 | 0.202 | 0.065 | 0.384 | 1.119 | 0.780 | 26.200 | 6 | 196.000 | 0.135 | 1.050 | 174.000 | -0.015 | -0.150 |
| D dow_only | only_Fri | 359.000 | 0.196 | -0.075 | 0.368 | 0.875 | -0.980 | 41.600 | 2 | 205.000 | -0.091 | -1.040 | 154.000 | -0.053 | -0.390 |
| D dow | Tue-Thu | 1118.000 | 0.612 | 0.010 | 0.385 | 1.019 | 0.240 | 56.700 | 3 | 606.000 | 0.000 | 0.010 | 512.000 | 0.022 | 0.360 |
| D dow | no_Wed_Fri(data-mined) | 1099.000 | 0.601 | 0.059 | 0.406 | 1.117 | 1.370 | 26.100 | 6 | 564.000 | 0.057 | 0.930 | 535.000 | 0.061 | 1.020 |
| E nfp | skip_nfp | 1750.000 | 0.957 | 0.009 | 0.394 | 1.017 | 0.270 | 40.200 | 4 | 940.000 | -0.004 | -0.090 | 810.000 | 0.024 | 0.500 |
| F atr_rank250 | atr_rank250<=0.2 | 460.000 | 0.252 | 0.114 | 0.417 | 1.216 | 1.600 | 14.700 | 7 | 233.000 | 0.101 | 1.070 | 227.000 | 0.126 | 1.190 |
| F atr_rank250 | atr_rank250<=0.33 | 681.000 | 0.373 | 0.069 | 0.408 | 1.128 | 1.220 | 20.800 | 7 | 361.000 | 0.043 | 0.590 | 320.000 | 0.097 | 1.130 |
| F atr_rank250 | atr_rank250<=0.5 | 939.000 | 0.514 | 0.035 | 0.396 | 1.064 | 0.730 | 29.100 | 4 | 509.000 | 0.006 | 0.090 | 430.000 | 0.069 | 0.940 |
| F atr_vs_mean | atr/mean20<=0.9 | 434.000 | 0.237 | 0.093 | 0.408 | 1.177 | 1.250 | 20.500 | 6 | 248.000 | 0.088 | 0.910 | 186.000 | 0.101 | 0.850 |
| F atr_vs_mean | atr/mean20<=1.0 | 1017.000 | 0.556 | 0.085 | 0.410 | 1.162 | 1.790 | 21.200 | 7 | 538.000 | 0.061 | 0.930 | 479.000 | 0.112 | 1.630 |
| F atr_vs_mean | atr/mean20<=1.1 | 1474.000 | 0.806 | 0.035 | 0.397 | 1.066 | 0.930 | 40.400 | 6 | 789.000 | 0.037 | 0.710 | 685.000 | 0.034 | 0.600 |
| F atr_vs_mean | atr/mean50<=0.9 | 581.000 | 0.318 | 0.069 | 0.392 | 1.127 | 1.040 | 37.900 | 5 | 312.000 | 0.081 | 0.910 | 269.000 | 0.054 | 0.550 |
| F atr_vs_mean | atr/mean50<=1.0 | 1054.000 | 0.577 | 0.055 | 0.402 | 1.103 | 1.200 | 34.400 | 7 | 556.000 | 0.052 | 0.830 | 498.000 | 0.059 | 0.860 |
| F atr_vs_mean | atr/mean50<=1.1 | 1398.000 | 0.765 | 0.036 | 0.396 | 1.067 | 0.910 | 37.700 | 6 | 749.000 | 0.027 | 0.500 | 649.000 | 0.046 | 0.800 |
| F atr_vs_mean | atr/mean100<=0.9 | 636.000 | 0.348 | 0.109 | 0.396 | 1.202 | 1.690 | 25.900 | 7 | 344.000 | 0.110 | 1.290 | 292.000 | 0.108 | 1.100 |
| F atr_vs_mean | atr/mean100<=1.0 | 1050.000 | 0.574 | 0.020 | 0.388 | 1.037 | 0.440 | 32.400 | 5 | 563.000 | 0.020 | 0.330 | 487.000 | 0.019 | 0.280 |
| F atr_vs_mean | atr/mean100<=1.1 | 1338.000 | 0.732 | 0.031 | 0.395 | 1.058 | 0.780 | 26.900 | 6 | 720.000 | 0.002 | 0.030 | 618.000 | 0.066 | 1.090 |
| F prevday | prevday_rng/atr<=0.8 | 715.000 | 0.391 | 0.082 | 0.415 | 1.156 | 1.440 | 28.800 | 5 | 391.000 | 0.075 | 0.960 | 324.000 | 0.091 | 1.090 |
| F prevday | prevday_rng/atr<=1.0 | 1097.000 | 0.600 | 0.041 | 0.399 | 1.075 | 0.900 | 22.100 | 6 | 588.000 | 0.013 | 0.220 | 509.000 | 0.072 | 1.060 |
