## counts: net configs 4500, gross 4500
net t>0: 456, t>1: 0, t>2: 0 ; avg_R>0: 457 ; max t 0.79
gross t>2: 4138 of 4500, min 0.83 max 4.23
gross/cost ratio (gross avg_R / cost_R): median 0.69 max 1.28

## marginal over the rest of the grid: stop
         net_avgR  net_t  net_t_max  gross_avgR  gross_t  cost_R    win   skew  yrs_pos
stop                                                                                   
ATR0.15    -0.134 -5.674      -0.68       0.067    2.556   0.201  0.311  1.252    0.220
ATR0.25    -0.042 -2.057       0.46       0.079    3.049   0.121  0.358  1.026    2.000
ATR0.35    -0.030 -1.527       0.25       0.056    2.405   0.086  0.386  0.901    2.398
ATR0.5     -0.013 -0.728      -0.03       0.050    2.624   0.063  0.419  0.761    3.627
ATR0.75     0.003  0.196       0.67       0.047    3.254   0.044  0.449  0.650    4.578
OPP1.0     -0.024 -1.277       0.67       0.067    2.893   0.091  0.392  0.927    2.587
W0.5       -0.112 -5.027      -0.31       0.064    2.384   0.176  0.324  1.166    0.213
W0.75      -0.045 -2.191       0.10       0.076    3.028   0.122  0.363  1.028    1.322
W1.0       -0.022 -1.224       0.79       0.067    2.900   0.089  0.393  0.924    2.560
W1.5       -0.017 -0.947       0.01       0.043    2.339   0.060  0.420  0.825    2.651

## marginal over the rest of the grid: tp_r
      net_avgR  net_t  net_t_max  gross_avgR  gross_t  cost_R    win   skew  yrs_pos
tp_r                                                                                
0.0     -0.033 -1.456       0.79       0.075    2.952   0.108  0.367  1.648    2.807
1.0     -0.058 -3.008       0.45       0.043    2.355   0.101  0.428  0.169    1.559
1.5     -0.050 -2.391       0.42       0.053    2.612   0.103  0.385  0.551    1.953
2.0     -0.046 -2.126       0.54       0.059    2.708   0.105  0.373  0.815    2.039
3.0     -0.038 -1.698       0.64       0.069    2.911   0.107  0.369  1.152    2.367
4.0     -0.036 -1.594       0.65       0.071    2.921   0.107  0.368  1.343    2.569

## marginal over the rest of the grid: be_r
      net_avgR  net_t  net_t_max  gross_avgR  gross_t  cost_R    win   skew  yrs_pos
be_r                                                                                
0.0     -0.043 -2.341       0.79       0.062    2.800   0.106  0.385  1.126    2.081
0.5     -0.047 -2.174       0.64       0.058    2.765   0.104  0.347  0.901    2.117
1.0     -0.041 -1.623       0.67       0.065    2.664   0.106  0.412  0.811    2.449

## marginal over the rest of the grid: trail_r
         net_avgR  net_t  net_t_max  gross_avgR  gross_t  cost_R    win   skew  yrs_pos
trail_r                                                                                
0.0        -0.038 -1.497       0.63       0.067    2.671   0.105  0.344  1.032    2.422
0.5        -0.059 -3.684       0.47       0.046    2.692   0.105  0.453  0.840    1.607
1.0        -0.043 -1.923       0.52       0.062    2.850   0.105  0.396  0.907    2.242
1.5        -0.039 -1.598       0.67       0.067    2.786   0.106  0.363  0.959    2.391
2.0        -0.038 -1.526       0.79       0.067    2.716   0.105  0.352  0.992    2.416

## marginal over the rest of the grid: exit_time
           net_avgR  net_t  net_t_max  gross_avgR  gross_t  cost_R    win   skew  yrs_pos
exit_time                                                                                
14           -0.047 -2.309       0.01       0.057    2.876   0.104  0.399  0.833    1.824
16           -0.046 -2.143       0.46       0.058    2.602   0.104  0.378  0.947    2.238
18           -0.042 -1.947       0.79       0.063    2.737   0.105  0.377  0.990    2.109
20           -0.042 -1.917       0.70       0.064    2.743   0.106  0.376  0.980    2.420
21           -0.041 -1.913       0.71       0.065    2.758   0.107  0.377  0.980    2.487

## top 25 net configs by t with neighbour plateau
 sl_ref  sl_k  tp_r  be_r  trail_r  exit_time      n  avg_R  win_rate    PF  t_stat  maxDD_R  yrs_pos  L_avg_R   L_t  S_avg_R  S_t  skew  avg_R_g  t_stat_g  cost_R  nb_mean_t  nb_min_t  nb_n
      0  1.00   0.0   0.0      2.0         18 1828.0 0.0250     0.401 1.051    0.79     37.6        4   0.0052  0.12   0.0476 1.00  2.14   0.1149      3.53  0.0899      -0.26     -1.63     7
      0  1.00   0.0   0.0      2.0         21 1828.0 0.0231     0.394 1.045    0.71     36.5        5   0.0008  0.02   0.0487 1.00  2.05   0.1173      3.48  0.0942      -0.30     -1.75     6
      0  1.00   0.0   0.0      2.0         20 1828.0 0.0226     0.394 1.044    0.70     32.1        5   0.0047  0.11   0.0430 0.90  2.07   0.1158      3.48  0.0932      -0.15     -1.70     7
      2  1.00   0.0   0.0      2.0         18 1828.0 0.0209     0.400 1.043    0.67     39.4        4   0.0028  0.07   0.0416 0.89  2.08   0.1142      3.51  0.0933      -0.35     -1.85     5
      1  0.75   0.0   1.0      1.5         21 1828.0 0.0115     0.467 1.042    0.67     27.7        5  -0.0023 -0.10   0.0273 1.06  0.95   0.0585      3.35  0.0470       0.38     -0.47     6
      1  0.75   0.0   1.0      1.5         20 1828.0 0.0112     0.462 1.042    0.66     24.6        5   0.0002  0.01   0.0238 0.93  0.99   0.0568      3.30  0.0456       0.42     -0.42     7
      1  0.75   4.0   1.0      1.5         21 1828.0 0.0112     0.467 1.041    0.65     27.7        5  -0.0024 -0.11   0.0267 1.04  0.90   0.0589      3.37  0.0477       0.41     -0.55     6
      1  0.75   0.0   1.0      2.0         21 1828.0 0.0109     0.465 1.040    0.64     27.9        5  -0.0030 -0.13   0.0269 1.04  0.95   0.0579      3.32  0.0470       0.40     -0.24     5
      1  0.75   0.0   0.5      1.5         21 1828.0 0.0105     0.395 1.043    0.64     29.8        5  -0.0033 -0.15   0.0264 1.06  1.05   0.0571      3.41  0.0466       0.42     -0.27     7
      1  0.75   3.0   1.0      1.5         21 1828.0 0.0109     0.467 1.040    0.64     27.5        5  -0.0039 -0.17   0.0279 1.08  0.80   0.0586      3.37  0.0477       0.43     -0.51     7
      1  0.75   4.0   1.0      1.5         20 1828.0 0.0107     0.462 1.040    0.63     24.6        5  -0.0003 -0.01   0.0233 0.92  0.92   0.0571      3.31  0.0464       0.42     -0.52     7
      1  0.75   0.0   1.0      2.0         20 1828.0 0.0107     0.461 1.040    0.63     25.0        5  -0.0006 -0.02   0.0235 0.92  0.99   0.0563      3.27  0.0456       0.43     -0.21     6
      1  0.75   0.0   1.0      0.0         20 1828.0 0.0107     0.460 1.040    0.63     25.0        5  -0.0006 -0.03   0.0235 0.92  0.99   0.0566      3.28  0.0459       0.39     -0.27     6
      1  0.75   0.0   1.0      0.0         21 1828.0 0.0109     0.464 1.040    0.63     27.9        5  -0.0031 -0.13   0.0269 1.04  0.95   0.0584      3.34  0.0475       0.34     -0.31     5
      1  0.75   3.0   1.0      1.5         20 1828.0 0.0103     0.462 1.039    0.62     24.7        4  -0.0019 -0.09   0.0244 0.96  0.81   0.0563      3.30  0.0460       0.43     -0.47     8
      1  0.75   4.0   0.5      1.5         21 1828.0 0.0102     0.395 1.041    0.62     29.8        5  -0.0035 -0.16   0.0259 1.04  1.00   0.0575      3.43  0.0473       0.43     -0.35     7
      1  0.75   4.0   1.0      2.0         21 1828.0 0.0105     0.465 1.039    0.62     27.9        5  -0.0032 -0.14   0.0263 1.02  0.90   0.0593      3.37  0.0488       0.41     -0.39     5
      1  0.75   0.0   1.0      1.5         18 1828.0 0.0098     0.457 1.039    0.61     28.6        3  -0.0030 -0.14   0.0246 1.00  1.06   0.0560      3.41  0.0462       0.35     -0.39     7
      1  0.75   3.0   0.5      1.5         21 1828.0 0.0099     0.395 1.040    0.61     29.7        5  -0.0050 -0.23   0.0271 1.09  0.89   0.0567      3.42  0.0468       0.45     -0.24     8
      1  0.75   3.0   1.0      0.0         21 1828.0 0.0104     0.464 1.038    0.61     27.8        5  -0.0047 -0.21   0.0277 1.07  0.81   0.0580      3.34  0.0476       0.38     -0.46     6
      1  0.75   0.0   0.5      2.0         21 1828.0 0.0100     0.394 1.041    0.61     30.0        5  -0.0039 -0.18   0.0260 1.04  1.05   0.0566      3.38  0.0466       0.42     -0.03     6
      1  0.75   4.0   1.0      0.0         21 1828.0 0.0105     0.464 1.039    0.61     27.9        5  -0.0032 -0.14   0.0263 1.02  0.90   0.0593      3.37  0.0488       0.36     -0.43     5
      1  0.75   3.0   1.0      2.0         21 1828.0 0.0104     0.465 1.038    0.61     27.7        5  -0.0047 -0.21   0.0277 1.07  0.81   0.0580      3.34  0.0476       0.42     -0.45     6
      1  0.75   0.0   0.5      0.0         21 1828.0 0.0100     0.393 1.041    0.61     30.1        5  -0.0039 -0.18   0.0260 1.04  1.05   0.0565      3.38  0.0465       0.36     -0.10     6
      1  0.75   4.0   1.0      0.0         20 1828.0 0.0102     0.460 1.038    0.60     25.0        4  -0.0010 -0.05   0.0230 0.91  0.92   0.0576      3.32  0.0474       0.39     -0.43     6

## default stop (1 x width), exit 20: how exits reshape the R distribution
 tp_r  be_r  trail_r   avg_R  t_stat  win_rate    PF  skew  med_R  maxDD_R  sh_sl  sh_tp  sh_trail  sh_time  sumR_sl  sumR_tp  sumR_trail  sumR_time  posR_tp  posR_trail  posR_time  avg_R_g  t_stat_g
  0.0   0.0      0.0  0.0078    0.23     0.391 1.015  2.03 -0.582     43.5  0.478  0.000     0.000    0.522   -899.7      0.0         0.0      913.9    0.000       0.000      1.000   0.0988      2.88
  0.0   0.0      0.5 -0.0600   -5.00     0.325 0.737  1.95 -0.221    110.5  0.659  0.000     0.330    0.011   -414.9      0.0       291.8       13.4    0.000       0.953      0.047   0.0302      2.46
  0.0   0.0      1.0  0.0031    0.13     0.376 1.008  1.98 -0.299     26.3  0.576  0.000     0.255    0.169   -688.2      0.0       455.1      238.8    0.000       0.637      0.363   0.0960      3.83
  0.0   0.0      1.5  0.0070    0.24     0.392 1.015  1.81 -0.398     36.9  0.512  0.000     0.132    0.356   -813.9      0.0       282.8      543.8    0.000       0.322      0.678   0.1024      3.40
  0.0   0.0      2.0  0.0226    0.70     0.394 1.044  2.07 -0.459     32.1  0.487  0.000     0.060    0.452   -856.8      0.0       152.3      745.7    0.000       0.158      0.842   0.1158      3.48
  0.0   0.5      0.0 -0.0163   -0.62     0.216 0.954  2.33 -0.018     49.5  0.319  0.000     0.408    0.273   -597.9      0.0       -12.8      580.8    0.000       0.000      1.000   0.0776      2.88
  0.0   0.5      0.5 -0.0316   -1.64     0.596 0.909  0.45  0.092     66.4  0.319  0.000     0.585    0.096   -597.9      0.0       533.2        6.8    0.000       0.924      0.076   0.0572      2.97
  0.0   0.5      1.0 -0.0053   -0.23     0.348 0.985  1.45 -0.014     38.4  0.319  0.000     0.508    0.173   -597.9      0.0       403.1      185.0    0.000       0.649      0.351   0.0865      3.63
  0.0   0.5      1.5 -0.0121   -0.49     0.272 0.966  1.91 -0.016     45.0  0.319  0.000     0.455    0.226   -597.9      0.0       189.5      386.3    0.000       0.320      0.680   0.0787      3.13
  0.0   0.5      2.0 -0.0099   -0.38     0.239 0.972  2.27 -0.017     44.6  0.319  0.000     0.428    0.253   -597.9      0.0        93.1      486.6    0.000       0.167      0.833   0.0801      3.03
  0.0   1.0      0.0  0.0059    0.19     0.316 1.013  2.20 -0.106     39.5  0.417  0.000     0.168    0.415   -782.7      0.0        -5.9      799.4    0.000       0.000      1.000   0.1007      3.13
  0.0   1.0      0.5 -0.0281   -1.20     0.484 0.939  0.50 -0.099     62.5  0.417  0.000     0.385    0.198   -782.7      0.0       699.1       32.4    0.000       0.881      0.119   0.0648      2.74
  0.0   1.0      1.0  0.0036    0.13     0.476 1.008  1.44 -0.099     33.1  0.417  0.000     0.303    0.281   -782.7      0.0       528.9      260.3    0.000       0.621      0.379   0.0996      3.54
  0.0   1.0      1.5  0.0096    0.32     0.380 1.021  1.76 -0.103     36.0  0.417  0.000     0.232    0.351   -782.7      0.0       282.0      518.2    0.000       0.329      0.671   0.1050      3.47
  0.0   1.0      2.0  0.0165    0.53     0.343 1.035  2.16 -0.106     35.3  0.417  0.000     0.196    0.387   -782.7      0.0       141.1      671.6    0.000       0.166      0.834   0.1107      3.47
  1.0   0.0      0.0 -0.0370   -1.70     0.484 0.920  0.04 -0.099     79.5  0.417  0.407     0.000    0.176   -782.7    733.2         0.0      -18.1    0.943       0.000      0.057   0.0495      2.27
  1.0   0.0      0.5 -0.0597   -5.33     0.325 0.738  1.17 -0.221    109.6  0.659  0.131     0.204    0.006   -414.9    235.8        69.0        1.0    0.768       0.226      0.006   0.0289      2.57
  1.0   0.0      1.0 -0.0385   -2.06     0.383 0.901  0.30 -0.299     71.8  0.576  0.339     0.000    0.085   -688.2    611.2         0.0        6.6    0.957       0.000      0.043   0.0475      2.57
  1.0   0.0      1.5 -0.0297   -1.39     0.475 0.934  0.06 -0.152     68.1  0.437  0.403     0.000    0.160   -770.7    726.4         0.0       -9.9    0.945       0.000      0.055   0.0601      2.82
  1.0   0.0      2.0 -0.0370   -1.70     0.484 0.920  0.04 -0.099     79.5  0.417  0.407     0.000    0.176   -782.7    733.2         0.0      -18.1    0.943       0.000      0.057   0.0495      2.27
  1.0   0.5      0.0 -0.0282   -1.48     0.354 0.920  0.02 -0.014     69.1  0.319  0.315     0.270    0.096   -597.9    566.8        -7.8      -12.7    0.959       0.000      0.041   0.0567      3.03
  1.0   0.5      0.5 -0.0371   -2.05     0.596 0.893 -0.10  0.092     79.1  0.319  0.239     0.360    0.083   -597.9    429.8       123.8      -23.7    0.757       0.220      0.024   0.0477      2.67
  1.0   0.5      1.0 -0.0282   -1.48     0.354 0.920  0.02 -0.014     69.1  0.319  0.315     0.270    0.096   -597.9    566.8        -7.8      -12.7    0.959       0.000      0.041   0.0567      3.03
  1.0   0.5      1.5 -0.0282   -1.48     0.354 0.920  0.02 -0.014     69.1  0.319  0.315     0.270    0.096   -597.9    566.8        -7.8      -12.7    0.959       0.000      0.041   0.0567      3.03
  1.0   0.5      2.0 -0.0282   -1.48     0.354 0.920  0.02 -0.014     69.1  0.319  0.315     0.270    0.096   -597.9    566.8        -7.8      -12.7    0.959       0.000      0.041   0.0567      3.03
  1.0   1.0      0.0 -0.0370   -1.70     0.484 0.920  0.04 -0.099     79.5  0.417  0.407     0.000    0.176   -782.7    733.2         0.0      -18.1    0.943       0.000      0.057   0.0495      2.27
  1.0   1.0      0.5 -0.0370   -1.70     0.484 0.920  0.04 -0.099     79.5  0.417  0.407     0.000    0.176   -782.7    733.2         0.0      -18.1    0.943       0.000      0.057   0.0495      2.27
  1.0   1.0      1.0 -0.0370   -1.70     0.484 0.920  0.04 -0.099     79.5  0.417  0.407     0.000    0.176   -782.7    733.2         0.0      -18.1    0.943       0.000      0.057   0.0495      2.27
  1.0   1.0      1.5 -0.0370   -1.70     0.484 0.920  0.04 -0.099     79.5  0.417  0.407     0.000    0.176   -782.7    733.2         0.0      -18.1    0.943       0.000      0.057   0.0495      2.27
  1.0   1.0      2.0 -0.0370   -1.70     0.484 0.920  0.04 -0.099     79.5  0.417  0.407     0.000    0.176   -782.7    733.2         0.0      -18.1    0.943       0.000      0.057   0.0495      2.27
  1.5   0.0      0.0 -0.0190   -0.76     0.432 0.962  0.41 -0.375     58.1  0.449  0.272     0.000    0.279   -843.4    737.9         0.0       70.8    0.836       0.000      0.164   0.0638      2.51
  1.5   0.0      0.5 -0.0595   -5.07     0.325 0.739  1.58 -0.221    109.7  0.659  0.049     0.283    0.009   -414.9    132.3       166.2        7.5    0.430       0.542      0.027   0.0296      2.49
  1.5   0.0      1.0 -0.0272   -1.32     0.376 0.930  0.72 -0.299     52.4  0.576  0.199     0.106    0.119   -688.2    540.6        36.3       61.5    0.820       0.055      0.125   0.0580      2.81
  1.5   0.0      1.5 -0.0194   -0.81     0.397 0.959  0.48 -0.398     47.7  0.512  0.257     0.000    0.231   -813.9    697.9         0.0       80.5    0.839       0.000      0.161   0.0679      2.79
  1.5   0.0      2.0 -0.0192   -0.77     0.427 0.961  0.42 -0.427     55.4  0.458  0.270     0.000    0.272   -840.5    733.5         0.0       71.9    0.836       0.000      0.164   0.0650      2.57
  1.5   0.5      0.0 -0.0154   -0.73     0.277 0.956  0.49 -0.016     49.0  0.319  0.195     0.347    0.139   -597.9    528.7        -9.9       50.9    0.857       0.000      0.143   0.0699      3.32
  1.5   0.5      0.5 -0.0337   -1.79     0.596 0.903  0.16  0.092     71.9  0.319  0.091     0.497    0.092   -597.9    248.1       293.8       -5.6    0.432       0.513      0.055   0.0533      2.86
  1.5   0.5      1.0 -0.0197   -0.95     0.348 0.944  0.46 -0.014     56.7  0.319  0.181     0.367    0.133   -597.9    491.6        25.8       44.6    0.810       0.055      0.135   0.0644      3.12
  1.5   0.5      1.5 -0.0154   -0.73     0.277 0.956  0.49 -0.016     49.0  0.319  0.195     0.347    0.139   -597.9    528.7        -9.9       50.9    0.857       0.000      0.143   0.0699      3.32
  1.5   0.5      2.0 -0.0154   -0.73     0.277 0.956  0.49 -0.016     49.0  0.319  0.195     0.347    0.139   -597.9    528.7        -9.9       50.9    0.857       0.000      0.143   0.0699      3.32
  1.5   1.0      0.0 -0.0168   -0.69     0.385 0.964  0.43 -0.099     48.4  0.417  0.255     0.098    0.229   -782.7    693.5        -2.7       61.3    0.849       0.000      0.151   0.0701      2.87
  1.5   1.0      0.5 -0.0306   -1.35     0.484 0.934  0.27 -0.099     67.9  0.417  0.156     0.236    0.191   -782.7    424.8       293.0        9.1    0.538       0.371      0.090   0.0602      2.63
  1.5   1.0      1.0 -0.0256   -1.08     0.476 0.945  0.41 -0.099     58.3  0.417  0.235     0.127    0.221   -782.7    638.6        45.1       52.2    0.800       0.057      0.143   0.0639      2.66
  1.5   1.0      1.5 -0.0168   -0.69     0.385 0.964  0.43 -0.099     48.4  0.417  0.255     0.098    0.229   -782.7    693.5        -2.7       61.3    0.849       0.000      0.151   0.0701      2.87
  1.5   1.0      2.0 -0.0168   -0.69     0.385 0.964  0.43 -0.099     48.4  0.417  0.255     0.098    0.229   -782.7    693.5        -2.7       61.3    0.849       0.000      0.151   0.0701      2.87
  2.0   0.0      0.0 -0.0180   -0.66     0.409 0.965  0.70 -0.480     63.5  0.464  0.177     0.000    0.359   -871.3    640.8         0.0      197.5    0.699       0.000      0.301   0.0704      2.54
  2.0   0.0      0.5 -0.0600   -5.04     0.325 0.736  1.79 -0.221    110.5  0.659  0.018     0.313    0.010   -414.9     63.5       230.6       11.0    0.207       0.754      0.039   0.0298      2.46
  2.0   0.0      1.0 -0.0246   -1.13     0.376 0.937  1.03 -0.299     54.0  0.576  0.115     0.171    0.138   -688.2    416.9       118.0      108.3    0.628       0.178      0.195   0.0655      2.99
  2.0   0.0      1.5 -0.0201   -0.79     0.392 0.958  0.80 -0.398     57.0  0.512  0.159     0.051    0.277   -813.9    577.4        17.3      182.4    0.695       0.021      0.284   0.0702      2.70
  2.0   0.0      2.0 -0.0159   -0.59     0.397 0.969  0.73 -0.458     60.3  0.487  0.175     0.000    0.338   -856.8    632.9         0.0      194.9    0.704       0.000      0.296   0.0729      2.66
  2.0   0.5      0.0 -0.0240   -1.08     0.241 0.932  0.87 -0.017     65.7  0.319  0.119     0.383    0.179   -597.9    432.6       -11.1      132.4    0.718       0.000      0.282   0.0668      2.96
  2.0   0.5      0.5 -0.0347   -1.83     0.596 0.900  0.28  0.092     71.4  0.319  0.034     0.552    0.095   -597.9    123.1       409.3        2.0    0.215       0.717      0.068   0.0548      2.90
  2.0   0.5      1.0 -0.0227   -1.06     0.348 0.935  0.77 -0.014     58.5  0.319  0.100     0.431    0.150   -597.9    363.2       105.2       87.9    0.604       0.188      0.208   0.0674      3.11
  2.0   0.5      1.5 -0.0236   -1.06     0.272 0.933  0.86 -0.016     63.3  0.319  0.117     0.392    0.172   -597.9    424.7         5.4      124.6    0.706       0.026      0.269   0.0662      2.96
  2.0   0.5      2.0 -0.0240   -1.08     0.241 0.932  0.87 -0.017     65.7  0.319  0.119     0.383    0.179   -597.9    432.6       -11.1      132.4    0.718       0.000      0.282   0.0668      2.96
  2.0   1.0      0.0 -0.0171   -0.66     0.345 0.963  0.75 -0.103     57.5  0.417  0.161     0.138    0.284   -782.7    583.4        -4.1      172.1    0.713       0.000      0.287   0.0725      2.76
  2.0   1.0      0.5 -0.0310   -1.35     0.484 0.933  0.39 -0.099     66.3  0.417  0.059     0.328    0.196   -782.7    214.4       488.8       22.9    0.272       0.620      0.108   0.0617      2.65
  2.0   1.0      1.0 -0.0236   -0.95     0.476 0.949  0.67 -0.099     56.2  0.417  0.133     0.204    0.246   -782.7    484.3       142.2      113.1    0.604       0.178      0.219   0.0684      2.71
  2.0   1.0      1.5 -0.0178   -0.69     0.380 0.962  0.74 -0.103     57.3  0.417  0.158     0.150    0.275   -782.7    573.5        14.9      161.8    0.703       0.022      0.275   0.0713      2.73
  2.0   1.0      2.0 -0.0171   -0.66     0.345 0.963  0.75 -0.103     57.5  0.417  0.161     0.138    0.284   -782.7    583.4        -4.1      172.1    0.713       0.000      0.287   0.0725      2.76
  3.0   0.0      0.0  0.0079    0.26     0.398 1.015  1.09 -0.528     40.6  0.472  0.089     0.000    0.439   -888.3    483.1         0.0      419.7    0.491       0.000      0.509   0.0953      3.07
  3.0   0.0      0.5 -0.0595   -4.93     0.325 0.739  1.99 -0.221    109.5  0.659  0.003     0.327    0.011   -414.9     14.9       277.8       13.4    0.049       0.905      0.046   0.0306      2.49
  3.0   0.0      1.0 -0.0037   -0.16     0.376 0.990  1.42 -0.299     31.9  0.576  0.046     0.217    0.160   -688.2    253.6       241.4      186.4    0.361       0.344      0.295   0.0881      3.69
  3.0   0.0      1.5 -0.0013   -0.05     0.392 0.997  1.19 -0.398     40.2  0.512  0.069     0.095    0.324   -813.9    375.9        93.9      341.7    0.435       0.109      0.457   0.0926      3.27
  3.0   0.0      2.0  0.0042    0.14     0.394 1.008  1.14 -0.459     36.4  0.487  0.083     0.031    0.399   -856.8    450.4        21.9      392.2    0.481       0.024      0.495   0.0946      3.14
  3.0   0.5      0.0 -0.0136   -0.56     0.223 0.962  1.42 -0.017     51.0  0.319  0.060     0.402    0.219   -597.9    328.1       -12.5      257.3    0.527       0.000      0.473   0.0759      3.05
  3.0   0.5      0.5 -0.0301   -1.55     0.596 0.913  0.48  0.092     64.4  0.319  0.008     0.577    0.096   -597.9     44.8       491.2        6.8    0.077       0.847      0.076   0.0582      3.02
  3.0   0.5      1.0 -0.0056   -0.24     0.348 0.984  1.18 -0.014     38.0  0.319  0.041     0.473    0.167   -597.9    223.8       218.2      145.7    0.354       0.357      0.289   0.0837      3.60
  3.0   0.5      1.5 -0.0125   -0.52     0.272 0.964  1.35 -0.016     50.8  0.319  0.053     0.428    0.201   -597.9    286.4        67.5      221.0    0.460       0.125      0.415   0.0761      3.16
  3.0   0.5      2.0 -0.0144   -0.59     0.239 0.959  1.41 -0.017     49.3  0.319  0.058     0.408    0.215   -597.9    316.2         5.4      249.9    0.510       0.028      0.462   0.0731      2.98
  3.0   1.0      0.0 -0.0028   -0.10     0.323 0.994  1.20 -0.106     42.7  0.417  0.077     0.160    0.346   -782.7    417.6        -5.7      365.7    0.494       0.000      0.506   0.0931      3.20
  3.0   1.0      0.5 -0.0265   -1.13     0.484 0.943  0.51 -0.099     60.5  0.417  0.010     0.375    0.198   -782.7     56.7       645.2       32.4    0.071       0.810      0.119   0.0664      2.80
  3.0   1.0      1.0 -0.0023   -0.09     0.476 0.995  1.00 -0.099     32.9  0.417  0.051     0.260    0.272   -782.7    277.5       293.1      208.0    0.330       0.349      0.321   0.0924      3.42
  3.0   1.0      1.5 -0.0000   -0.00     0.380 1.000  1.14 -0.103     40.5  0.417  0.068     0.195    0.320   -782.7    372.9        93.1      316.6    0.440       0.113      0.447   0.0948      3.34
  3.0   1.0      2.0 -0.0024   -0.09     0.343 0.995  1.19 -0.106     39.3  0.417  0.074     0.169    0.340   -782.7    405.7        17.7      355.0    0.480       0.027      0.493   0.0916      3.18
  4.0   0.0      0.0  0.0074    0.24     0.393 1.014  1.38 -0.558     48.6  0.475  0.042     0.000    0.483   -894.5    302.5         0.0      605.6    0.306       0.000      0.694   0.0945      2.91
  4.0   0.0      0.5 -0.0600   -5.00     0.325 0.737  1.95 -0.221    110.5  0.659  0.000     0.330    0.011   -414.9      0.0       291.8       13.4    0.000       0.953      0.047   0.0302      2.46
  4.0   0.0      1.0  0.0012    0.05     0.376 1.003  1.64 -0.299     28.7  0.576  0.018     0.240    0.166   -688.2    127.4       343.2      219.7    0.179       0.483      0.338   0.0938      3.82
  4.0   0.0      1.5  0.0040    0.14     0.392 1.009  1.44 -0.398     34.3  0.512  0.030     0.116    0.342   -813.9    219.0       166.9      435.4    0.250       0.191      0.558   0.0995      3.39
  4.0   0.0      2.0  0.0116    0.38     0.394 1.023  1.42 -0.459     33.4  0.487  0.038     0.045    0.429   -856.8    278.7        56.8      542.4    0.293       0.061      0.646   0.1032      3.29
  4.0   0.5      0.0 -0.0155   -0.61     0.218 0.956  1.78 -0.017     56.4  0.319  0.027     0.406    0.248   -597.9    195.1       -12.7      387.0    0.315       0.000      0.685   0.0777      3.00
  4.0   0.5      0.5 -0.0313   -1.62     0.596 0.910  0.47  0.092     65.7  0.319  0.001     0.584    0.096   -597.9      8.0       525.9        6.8    0.014       0.910      0.076   0.0575      2.98
  4.0   0.5      1.0 -0.0044   -0.19     0.348 0.988  1.38 -0.014     36.4  0.319  0.014     0.496    0.171   -597.9    103.5       316.6      169.7    0.163       0.511      0.326   0.0869      3.66
  4.0   0.5      1.5 -0.0126   -0.51     0.272 0.964  1.62 -0.016     46.7  0.319  0.021     0.445    0.214   -597.9    155.3       128.3      291.3    0.250       0.222      0.528   0.0798      3.21
  4.0   0.5      2.0 -0.0144   -0.57     0.239 0.959  1.73 -0.017     46.2  0.319  0.025     0.420    0.237   -597.9    179.2        34.0      358.4    0.289       0.074      0.637   0.0762      3.00
  4.0   1.0      0.0  0.0052    0.17     0.319 1.011  1.51 -0.106     41.9  0.417  0.038     0.165    0.380   -782.7    278.7        -5.8      519.3    0.324       0.000      0.676   0.0979      3.21
  4.0   1.0      0.5 -0.0275   -1.18     0.484 0.941  0.52 -0.099     61.9  0.417  0.002     0.383    0.198   -782.7     12.0       688.1       32.4    0.015       0.866      0.119   0.0653      2.76
  4.0   1.0      1.0  0.0017    0.06     0.476 1.004  1.18 -0.099     31.8  0.417  0.019     0.287    0.278   -782.7    135.4       409.1      241.3    0.160       0.483      0.358   0.0973      3.52
  4.0   1.0      1.5  0.0065    0.23     0.380 1.014  1.40 -0.103     33.1  0.417  0.031     0.216    0.337   -782.7    223.0       166.1      405.5    0.259       0.197      0.544   0.1019      3.46
  4.0   1.0      2.0  0.0072    0.24     0.343 1.015  1.48 -0.106     35.2  0.417  0.036     0.182    0.365   -782.7    262.8        49.2      483.9    0.304       0.063      0.633   0.1001      3.33

## within each stop: range of avg_R across the 450 exit combos (net and gross)
         net_min  net_med  net_max   g_min   g_med   g_max  gt_med    cost  risk_usd
stop                                                                                
ATR0.15  -0.1602  -0.1396  -0.0388  0.0435  0.0590  0.1672   2.520  0.2008      2.71
ATR0.25  -0.0863  -0.0439   0.0196  0.0316  0.0787  0.1503   3.010  0.1208      4.51
ATR0.35  -0.0600  -0.0278   0.0082  0.0173  0.0596  0.0983   2.460  0.0866      6.31
ATR0.5   -0.0324  -0.0112  -0.0006  0.0263  0.0512  0.0672   2.610  0.0630      9.02
ATR0.75  -0.0063   0.0043   0.0115  0.0323  0.0479  0.0593   3.285  0.0437     13.53
OPP1.0   -0.0601  -0.0249   0.0209  0.0273  0.0656  0.1166   2.905  0.0902      6.84
W0.5     -0.1557  -0.1162  -0.0135  0.0296  0.0576  0.1732   2.340  0.1778      3.39
W0.75    -0.0927  -0.0447   0.0034  0.0195  0.0771  0.1477   3.110  0.1218      5.08
W1.0     -0.0630  -0.0227   0.0250  0.0271  0.0662  0.1173   2.920  0.0895      6.78
W1.5     -0.0368  -0.0171   0.0001  0.0241  0.0434  0.0689   2.330  0.0606     10.17