[load] 4.4s
net t>1: 0 max t 0.51
             net_avgR  net_t  net_tmax  g_avgR    g_t   cost  sh_sl    yrs
sl_ref sl_k                                                               
0      2.0     -0.006 -0.346     -0.02   0.044  2.336  0.051  0.192  3.306
       3.0     -0.007 -0.520     -0.35   0.030  2.227  0.037  0.088  3.500
1      1.0      0.004  0.333      0.43   0.039  2.952  0.035  0.072  3.778
       1.5      0.003  0.392      0.49   0.027  2.981  0.023  0.013  4.333
       2.0      0.003  0.383      0.45   0.020  3.007  0.018  0.004  4.000
       3.0      0.002  0.460      0.51   0.014  3.087  0.012  0.000  4.333
 sl_ref  sl_k  tp_r  be_r  trail_r  exit_time      n  avg_R  win_rate    PF  t_stat  maxDD_R  yrs_pos  L_avg_R   L_t  S_avg_R  S_t  skew  sh_sl  sh_time  avg_pnl_atr  avg_R_g  t_stat_g  cost_R
      1   3.0     0     1      1.5         18 1828.0 0.0021      0.47 1.033    0.51      8.9        5  -0.0009 -0.16   0.0056 0.87  0.64  0.000    1.000       0.0064   0.0137      3.22  0.0116
      1   3.0     0     1      2.0         18 1828.0 0.0021      0.47 1.033    0.51      8.9        5  -0.0009 -0.16   0.0056 0.87  0.64  0.000    1.000       0.0064   0.0137      3.22  0.0116
      1   3.0     3     0      0.0         18 1828.0 0.0021      0.47 1.033    0.51      8.9        5  -0.0009 -0.16   0.0056 0.87  0.64  0.000    1.000       0.0064   0.0137      3.22  0.0116
      1   3.0     3     0      1.5         18 1828.0 0.0021      0.47 1.033    0.51      8.9        5  -0.0009 -0.16   0.0056 0.87  0.64  0.000    1.000       0.0064   0.0137      3.22  0.0116
      1   3.0     0     0      1.5         18 1828.0 0.0021      0.47 1.033    0.51      8.9        5  -0.0009 -0.16   0.0056 0.87  0.64  0.000    1.000       0.0064   0.0137      3.22  0.0116
      1   3.0     0     0      0.0         18 1828.0 0.0021      0.47 1.033    0.51      8.9        5  -0.0009 -0.16   0.0056 0.87  0.64  0.000    1.000       0.0064   0.0137      3.22  0.0116
      1   3.0     0     1      0.0         18 1828.0 0.0021      0.47 1.033    0.51      8.9        5  -0.0009 -0.16   0.0056 0.87  0.64  0.000    1.000       0.0064   0.0137      3.22  0.0116
      1   3.0     0     0      2.0         18 1828.0 0.0021      0.47 1.033    0.51      8.9        5  -0.0009 -0.16   0.0056 0.87  0.64  0.000    1.000       0.0064   0.0137      3.22  0.0116
      1   3.0     3     0      2.0         18 1828.0 0.0021      0.47 1.033    0.51      8.9        5  -0.0009 -0.16   0.0056 0.87  0.64  0.000    1.000       0.0064   0.0137      3.22  0.0116
      1   3.0     3     1      0.0         18 1828.0 0.0021      0.47 1.033    0.51      8.9        5  -0.0009 -0.16   0.0056 0.87  0.64  0.000    1.000       0.0064   0.0137      3.22  0.0116
      1   3.0     3     1      2.0         18 1828.0 0.0021      0.47 1.033    0.51      8.9        5  -0.0009 -0.16   0.0056 0.87  0.64  0.000    1.000       0.0064   0.0137      3.22  0.0116
      1   3.0     3     1      1.5         18 1828.0 0.0021      0.47 1.033    0.51      8.9        5  -0.0009 -0.16   0.0056 0.87  0.64  0.000    1.000       0.0064   0.0137      3.22  0.0116
      1   1.5     0     0      2.0         18 1828.0 0.0041      0.47 1.032    0.49     17.8        5  -0.0025 -0.22   0.0117 0.92  0.67  0.011    0.989       0.0062   0.0271      3.17  0.0230
      1   1.5     3     0      0.0         18 1828.0 0.0041      0.47 1.032    0.49     17.8        5  -0.0025 -0.22   0.0117 0.92  0.67  0.011    0.989       0.0062   0.0271      3.17  0.0230
      1   1.5     3     0      1.5         18 1828.0 0.0041      0.47 1.032    0.49     17.8        5  -0.0025 -0.22   0.0117 0.92  0.67  0.011    0.989       0.0062   0.0271      3.17  0.0230
      1   1.5     3     0      2.0         18 1828.0 0.0041      0.47 1.032    0.49     17.8        5  -0.0025 -0.22   0.0117 0.92  0.67  0.011    0.989       0.0062   0.0271      3.17  0.0230
      1   1.5     0     0      1.5         18 1828.0 0.0041      0.47 1.032    0.49     17.8        5  -0.0025 -0.22   0.0117 0.92  0.67  0.011    0.989       0.0062   0.0271      3.17  0.0230
      1   1.5     0     0      0.0         18 1828.0 0.0041      0.47 1.032    0.49     17.8        5  -0.0025 -0.22   0.0117 0.92  0.67  0.011    0.989       0.0062   0.0271      3.17  0.0230
      1   1.5     3     1      0.0         18 1828.0 0.0041      0.47 1.032    0.48     17.9        5  -0.0026 -0.23   0.0117 0.92  0.68  0.011    0.989       0.0061   0.0270      3.16  0.0229
      1   1.5     3     1      1.5         18 1828.0 0.0041      0.47 1.032    0.48     17.9        5  -0.0026 -0.23   0.0117 0.92  0.68  0.011    0.989       0.0061   0.0270      3.16  0.0229
 sl_ref  sl_k  tp_r  be_r  trail_r  exit_time      n   avg_R  win_rate    PF  t_stat  maxDD_R  yrs_pos  L_avg_R   L_t  S_avg_R   S_t  skew  sh_sl  sh_time  avg_pnl_atr  avg_R_g  t_stat_g  cost_R
      1   1.0     0     0      0.0         20 1828.0  0.0031     0.475 1.015    0.23     23.7        4  -0.0070 -0.40   0.0147  0.74  0.74  0.077    0.923       0.0031   0.0374      2.79  0.0343
      1   1.5     0     0      0.0         20 1828.0  0.0034     0.478 1.024    0.38     16.3        4  -0.0015 -0.13   0.0089  0.66  0.58  0.014    0.986       0.0050   0.0263      2.91  0.0229
      1   2.0     0     0      0.0         20 1828.0  0.0024     0.478 1.024    0.36     12.6        4  -0.0008 -0.09   0.0062  0.61  0.51  0.004    0.996       0.0049   0.0199      2.93  0.0175
      1   3.0     0     0      0.0         20 1828.0  0.0020     0.478 1.029    0.45      8.2        4  -0.0002 -0.03   0.0045  0.66  0.57  0.000    1.000       0.0060   0.0136      3.03  0.0116
      0   2.0     0     0      0.0         20 1828.0 -0.0031     0.461 0.990   -0.16     40.1        4  -0.0168 -0.63   0.0125  0.45  1.19  0.197    0.803       0.0084   0.0454      2.32  0.0485
      0   3.0     0     0      0.0         20 1828.0 -0.0058     0.472 0.973   -0.43     36.8        4  -0.0104 -0.56  -0.0005 -0.03  0.77  0.090    0.910       0.0067   0.0305      2.24  0.0363
