
### T0_asia0-7 / sl1W

| buf_k | buf_atr | n | avg_R | t_stat | PF | win_rate | yrs_pos | L_avg | S_avg | maxDD_R | cost_R |
|---|---|---|---|---|---|---|---|---|---|---|---|
| 0 | 0 | 1828 | 0.0078 | 0.23 | 1.015 | 0.391 | 4 | -0.0082 | 0.0261 | 43.5 | 0.085 |
| 0 | 0.05 | 1601 | -0.0012 | -0.03 | 0.998 | 0.378 | 5 | -0.0328 | 0.0344 | 38.4 | 0.086 |
| 0 | 0.1 | 1294 | -0.0128 | -0.32 | 0.977 | 0.376 | 3 | 0.0077 | -0.0353 | 62.4 | 0.087 |
| 0 | 0.2 | 738 | -0.027 | -0.51 | 0.951 | 0.374 | 4 | 0.0244 | -0.0813 | 77 | 0.085 |
| 0.05 | 0 | 1743 | 0.0158 | 0.46 | 1.029 | 0.392 | 5 | 0.0046 | 0.0284 | 35 | 0.086 |
| 0.05 | 0.05 | 1487 | -0.0237 | -0.64 | 0.957 | 0.371 | 4 | -0.0611 | 0.0185 | 61.6 | 0.087 |
| 0.05 | 0.1 | 1192 | -0.0006 | -0.01 | 0.999 | 0.382 | 4 | 0.0384 | -0.0419 | 49.6 | 0.089 |
| 0.05 | 0.2 | 672 | -0.0718 | -1.3 | 0.875 | 0.351 | 3 | 0.0038 | -0.1519 | 84 | 0.086 |
| 0.1 | 0 | 1663 | 0.0118 | 0.33 | 1.022 | 0.385 | 4 | -0.0039 | 0.0298 | 41.4 | 0.087 |
| 0.1 | 0.05 | 1367 | -0.012 | -0.3 | 0.979 | 0.377 | 2 | -0.0314 | 0.01 | 60.1 | 0.088 |
| 0.1 | 0.1 | 1079 | -0.0153 | -0.34 | 0.973 | 0.384 | 4 | 0.0152 | -0.0471 | 70.5 | 0.09 |
| 0.1 | 0.2 | 599 | -0.0806 | -1.36 | 0.862 | 0.339 | 2 | -0.0304 | -0.1367 | 91.3 | 0.088 |
| 0.2 | 0 | 1451 | 0.0103 | 0.26 | 1.018 | 0.378 | 5 | -0.0069 | 0.0297 | 41.4 | 0.09 |
| 0.2 | 0.05 | 1166 | 0.0138 | 0.31 | 1.024 | 0.382 | 5 | 0.0276 | -0.0009 | 49.7 | 0.093 |
| 0.2 | 0.1 | 899 | -0.0407 | -0.82 | 0.93 | 0.362 | 5 | 0.0248 | -0.1097 | 90.3 | 0.093 |
| 0.2 | 0.2 | 471 | -0.0427 | -0.61 | 0.928 | 0.338 | 3 | -0.0138 | -0.0754 | 63.9 | 0.09 |
| 0.3 | 0 | 1235 | -0.0105 | -0.25 | 0.982 | 0.369 | 5 | -0.0239 | 0.0043 | 58.5 | 0.094 |
| 0.3 | 0.05 | 986 | -0.0521 | -1.08 | 0.913 | 0.354 | 4 | -0.0077 | -0.0978 | 83.3 | 0.095 |
| 0.3 | 0.1 | 726 | -0.0737 | -1.32 | 0.878 | 0.347 | 4 | 0.0159 | -0.1653 | 96 | 0.094 |
| 0.3 | 0.2 | 380 | -0.0539 | -0.69 | 0.911 | 0.337 | 4 | 0.0315 | -0.1498 | 57.9 | 0.092 |
| 0.5 | 0 | 886 | -0.0679 | -1.3 | 0.891 | 0.339 | 2 | -0.0279 | -0.1089 | 94.9 | 0.1 |
| 0.5 | 0.05 | 665 | -0.0868 | -1.45 | 0.861 | 0.326 | 3 | 0.0023 | -0.1812 | 92.8 | 0.098 |
| 0.5 | 0.1 | 482 | -0.0366 | -0.5 | 0.94 | 0.336 | 4 | 0.0521 | -0.1297 | 62.9 | 0.099 |
| 0.5 | 0.2 | 264 | -0.1166 | -1.34 | 0.814 | 0.341 | 3 | -0.074 | -0.1627 | 59.2 | 0.094 |

avg_R pivot (rows buf_k, cols buf_atr)

| buf_k | 0.0 | 0.05 | 0.1 | 0.2 |
|---|---|---|---|---|
| 0 | 0.0078 | -0.0012 | -0.0128 | -0.027 |
| 0.05 | 0.0158 | -0.0237 | -0.0006 | -0.0718 |
| 0.1 | 0.0118 | -0.012 | -0.0153 | -0.0806 |
| 0.2 | 0.0103 | 0.0138 | -0.0407 | -0.0427 |
| 0.3 | -0.0105 | -0.0521 | -0.0737 | -0.0539 |
| 0.5 | -0.0679 | -0.0868 | -0.0366 | -0.1166 |

### T0_asia0-7 / slOpp

| buf_k | buf_atr | n | avg_R | t_stat | PF | win_rate | yrs_pos | L_avg | S_avg | maxDD_R | cost_R |
|---|---|---|---|---|---|---|---|---|---|---|---|
| 0 | 0 | 1828 | 0.0023 | 0.07 | 1.004 | 0.391 | 4 | -0.0145 | 0.0215 | 47.8 | 0.084 |
| 0 | 0.05 | 1601 | -0.002 | -0.07 | 0.995 | 0.42 | 4 | -0.0338 | 0.0338 | 29.9 | 0.066 |
| 0 | 0.1 | 1294 | -0.0116 | -0.44 | 0.969 | 0.439 | 4 | -0.0078 | -0.0159 | 39.7 | 0.055 |
| 0 | 0.2 | 738 | 0.0075 | 0.27 | 1.027 | 0.467 | 4 | 0.012 | 0.0027 | 27.4 | 0.04 |
| 0.05 | 0 | 1743 | -0.0023 | -0.07 | 0.995 | 0.403 | 3 | -0.0217 | 0.0196 | 43.4 | 0.077 |
| 0.05 | 0.05 | 1487 | -0.0078 | -0.28 | 0.981 | 0.424 | 4 | -0.0374 | 0.0256 | 33.9 | 0.062 |
| 0.05 | 0.1 | 1192 | -0.0024 | -0.09 | 0.993 | 0.451 | 4 | 0.0124 | -0.018 | 31.9 | 0.052 |
| 0.05 | 0.2 | 672 | -0.009 | -0.32 | 0.967 | 0.448 | 3 | 0.005 | -0.0237 | 33 | 0.038 |
| 0.1 | 0 | 1663 | -0.0048 | -0.16 | 0.99 | 0.41 | 4 | -0.0317 | 0.0262 | 50.5 | 0.072 |
| 0.1 | 0.05 | 1367 | -0.0086 | -0.31 | 0.979 | 0.434 | 4 | -0.0223 | 0.007 | 43.1 | 0.058 |
| 0.1 | 0.1 | 1079 | -0.0043 | -0.16 | 0.987 | 0.458 | 4 | 0.0025 | -0.0115 | 36.3 | 0.05 |
| 0.1 | 0.2 | 599 | -0.0063 | -0.22 | 0.977 | 0.447 | 4 | 0 | -0.0133 | 30.5 | 0.037 |
| 0.2 | 0 | 1451 | -0.0117 | -0.39 | 0.974 | 0.421 | 3 | -0.038 | 0.0179 | 38.3 | 0.064 |
| 0.2 | 0.05 | 1166 | -0.0049 | -0.18 | 0.987 | 0.443 | 5 | 0.0035 | -0.0139 | 31.2 | 0.053 |
| 0.2 | 0.1 | 899 | -0.0263 | -0.96 | 0.92 | 0.448 | 2 | -0.0222 | -0.0306 | 49.9 | 0.046 |
| 0.2 | 0.2 | 471 | -0.0005 | -0.02 | 0.998 | 0.437 | 4 | 0.0014 | -0.0026 | 22.3 | 0.035 |
| 0.3 | 0 | 1235 | 0.0045 | 0.15 | 1.011 | 0.434 | 5 | 0.0055 | 0.0034 | 32.3 | 0.058 |
| 0.3 | 0.05 | 986 | -0.0274 | -0.97 | 0.922 | 0.438 | 4 | -0.019 | -0.0361 | 50.6 | 0.049 |
| 0.3 | 0.1 | 726 | -0.0203 | -0.71 | 0.933 | 0.452 | 2 | -0.0115 | -0.0293 | 40.9 | 0.042 |
| 0.3 | 0.2 | 380 | 0.0043 | 0.13 | 1.018 | 0.434 | 3 | 0.0107 | -0.003 | 19.3 | 0.031 |
| 0.5 | 0 | 886 | -0.0228 | -0.75 | 0.936 | 0.438 | 4 | -0.0114 | -0.0345 | 45.2 | 0.05 |
| 0.5 | 0.05 | 665 | -0.029 | -0.94 | 0.907 | 0.439 | 2 | -0.0247 | -0.0337 | 42.9 | 0.042 |
| 0.5 | 0.1 | 482 | -0.015 | -0.45 | 0.946 | 0.442 | 3 | 0.0118 | -0.0431 | 25.9 | 0.038 |
| 0.5 | 0.2 | 264 | -0.0129 | -0.36 | 0.943 | 0.462 | 3 | 0.004 | -0.0311 | 16.8 | 0.028 |

avg_R pivot (rows buf_k, cols buf_atr)

| buf_k | 0.0 | 0.05 | 0.1 | 0.2 |
|---|---|---|---|---|
| 0 | 0.0023 | -0.002 | -0.0116 | 0.0075 |
| 0.05 | -0.0023 | -0.0078 | -0.0024 | -0.009 |
| 0.1 | -0.0048 | -0.0086 | -0.0043 | -0.0063 |
| 0.2 | -0.0117 | -0.0049 | -0.0263 | -0.0005 |
| 0.3 | 0.0045 | -0.0274 | -0.0203 | 0.0043 |
| 0.5 | -0.0228 | -0.029 | -0.015 | -0.0129 |

### T0_asia0-7 / sl0.5W

| buf_k | buf_atr | n | avg_R | t_stat | PF | win_rate | yrs_pos | L_avg | S_avg | maxDD_R | cost_R |
|---|---|---|---|---|---|---|---|---|---|---|---|
| 0 | 0 | 1828 | -0.0376 | -0.72 | 0.952 | 0.243 | 4 | -0.0257 | -0.0512 | 128.3 | 0.17 |
| 0 | 0.05 | 1601 | -0.0787 | -1.42 | 0.9 | 0.235 | 3 | -0.0433 | -0.1186 | 179.3 | 0.172 |
| 0 | 0.1 | 1294 | -0.1811 | -3.19 | 0.776 | 0.219 | 1 | -0.1109 | -0.2584 | 253.7 | 0.175 |
| 0 | 0.2 | 738 | -0.1795 | -2.5 | 0.775 | 0.225 | 2 | -0.0987 | -0.2648 | 186.1 | 0.17 |
| 0.05 | 0 | 1743 | -0.0455 | -0.84 | 0.942 | 0.242 | 4 | -0.0239 | -0.07 | 111.5 | 0.172 |
| 0.05 | 0.05 | 1487 | -0.096 | -1.68 | 0.88 | 0.228 | 2 | -0.0439 | -0.155 | 179.6 | 0.174 |
| 0.05 | 0.1 | 1192 | -0.14 | -2.25 | 0.826 | 0.226 | 1 | -0.0419 | -0.2439 | 204.8 | 0.178 |
| 0.05 | 0.2 | 672 | -0.2101 | -2.79 | 0.74 | 0.214 | 2 | -0.1047 | -0.322 | 191 | 0.172 |
| 0.1 | 0 | 1663 | -0.0635 | -1.18 | 0.92 | 0.239 | 4 | -0.0488 | -0.0805 | 127.2 | 0.174 |
| 0.1 | 0.05 | 1367 | -0.1248 | -2.11 | 0.845 | 0.225 | 0 | -0.0513 | -0.2082 | 199 | 0.177 |
| 0.1 | 0.1 | 1079 | -0.1238 | -1.82 | 0.846 | 0.226 | 1 | -0.04 | -0.211 | 162 | 0.181 |
| 0.1 | 0.2 | 599 | -0.2479 | -3.15 | 0.7 | 0.195 | 0 | -0.1359 | -0.373 | 181.7 | 0.175 |
| 0.2 | 0 | 1451 | -0.1223 | -2.13 | 0.849 | 0.219 | 2 | -0.0986 | -0.1491 | 232.7 | 0.181 |
| 0.2 | 0.05 | 1166 | -0.1379 | -2.16 | 0.83 | 0.218 | 3 | -0.0526 | -0.2284 | 221.4 | 0.185 |
| 0.2 | 0.1 | 899 | -0.1753 | -2.5 | 0.786 | 0.215 | 1 | -0.1082 | -0.2459 | 206.7 | 0.186 |
| 0.2 | 0.2 | 471 | -0.2302 | -2.3 | 0.728 | 0.187 | 1 | -0.0835 | -0.3962 | 145.1 | 0.181 |
| 0.3 | 0 | 1235 | -0.0984 | -1.53 | 0.878 | 0.219 | 3 | -0.0086 | -0.1974 | 185.6 | 0.187 |
| 0.3 | 0.05 | 986 | -0.2061 | -3.17 | 0.752 | 0.207 | 0 | -0.129 | -0.2857 | 219.3 | 0.189 |
| 0.3 | 0.1 | 726 | -0.2008 | -2.46 | 0.762 | 0.191 | 1 | -0.0912 | -0.3127 | 189.1 | 0.188 |
| 0.3 | 0.2 | 380 | -0.193 | -1.79 | 0.769 | 0.192 | 3 | -0.0861 | -0.313 | 106.1 | 0.184 |
| 0.5 | 0 | 886 | -0.246 | -3.49 | 0.713 | 0.185 | 0 | -0.1432 | -0.3516 | 264.3 | 0.201 |
| 0.5 | 0.05 | 665 | -0.2482 | -2.91 | 0.716 | 0.176 | 0 | -0.1038 | -0.4012 | 179.6 | 0.197 |
| 0.5 | 0.1 | 482 | -0.2888 | -3.07 | 0.668 | 0.168 | 1 | -0.138 | -0.4473 | 156.5 | 0.199 |
| 0.5 | 0.2 | 264 | -0.3551 | -2.85 | 0.601 | 0.148 | 3 | -0.3181 | -0.3951 | 123 | 0.187 |

avg_R pivot (rows buf_k, cols buf_atr)

| buf_k | 0.0 | 0.05 | 0.1 | 0.2 |
|---|---|---|---|---|
| 0 | -0.0376 | -0.0787 | -0.1811 | -0.1795 |
| 0.05 | -0.0455 | -0.096 | -0.14 | -0.2101 |
| 0.1 | -0.0635 | -0.1248 | -0.1238 | -0.2479 |
| 0.2 | -0.1223 | -0.1379 | -0.1753 | -0.2302 |
| 0.3 | -0.0984 | -0.2061 | -0.2008 | -0.193 |
| 0.5 | -0.246 | -0.2482 | -0.2888 | -0.3551 |

### T0_asia0-7 / sl1W_tp1

| buf_k | buf_atr | n | avg_R | t_stat | PF | win_rate | yrs_pos | L_avg | S_avg | maxDD_R | cost_R |
|---|---|---|---|---|---|---|---|---|---|---|---|
| 0 | 0 | 1828 | -0.037 | -1.7 | 0.92 | 0.484 | 1 | -0.0522 | -0.0195 | 79.5 | 0.085 |
| 0 | 0.05 | 1601 | -0.0555 | -2.4 | 0.881 | 0.47 | 0 | -0.0673 | -0.0421 | 92.2 | 0.086 |
| 0 | 0.1 | 1294 | -0.0462 | -1.78 | 0.902 | 0.475 | 1 | -0.0304 | -0.0636 | 81.4 | 0.087 |
| 0 | 0.2 | 738 | -0.0547 | -1.6 | 0.884 | 0.473 | 3 | -0.027 | -0.084 | 63.7 | 0.085 |
| 0.05 | 0 | 1743 | -0.0362 | -1.63 | 0.921 | 0.485 | 4 | -0.0419 | -0.0297 | 73 | 0.086 |
| 0.05 | 0.05 | 1487 | -0.0555 | -2.3 | 0.882 | 0.471 | 1 | -0.0774 | -0.0306 | 89.3 | 0.087 |
| 0.05 | 0.1 | 1192 | -0.042 | -1.54 | 0.911 | 0.483 | 2 | -0.014 | -0.0716 | 73.2 | 0.089 |
| 0.05 | 0.2 | 672 | -0.0828 | -2.31 | 0.83 | 0.457 | 2 | -0.0412 | -0.1269 | 76 | 0.086 |
| 0.1 | 0 | 1663 | -0.0504 | -2.22 | 0.892 | 0.475 | 1 | -0.06 | -0.0393 | 89 | 0.087 |
| 0.1 | 0.05 | 1367 | -0.0528 | -2.09 | 0.888 | 0.476 | 2 | -0.0589 | -0.0458 | 84.1 | 0.088 |
| 0.1 | 0.1 | 1079 | -0.0508 | -1.77 | 0.894 | 0.486 | 1 | -0.0203 | -0.0825 | 75.9 | 0.09 |
| 0.1 | 0.2 | 599 | -0.1004 | -2.66 | 0.796 | 0.447 | 2 | -0.0723 | -0.1317 | 89.7 | 0.088 |
| 0.2 | 0 | 1451 | -0.0558 | -2.28 | 0.882 | 0.476 | 1 | -0.0675 | -0.0425 | 87.5 | 0.09 |
| 0.2 | 0.05 | 1166 | -0.0386 | -1.4 | 0.918 | 0.487 | 3 | -0.0256 | -0.0524 | 66 | 0.093 |
| 0.2 | 0.1 | 899 | -0.0732 | -2.32 | 0.851 | 0.471 | 1 | -0.031 | -0.1176 | 86.4 | 0.093 |
| 0.2 | 0.2 | 471 | -0.0906 | -2.1 | 0.817 | 0.454 | 2 | -0.0804 | -0.102 | 72 | 0.09 |
| 0.3 | 0 | 1235 | -0.0514 | -1.92 | 0.893 | 0.478 | 1 | -0.0542 | -0.0483 | 82.5 | 0.094 |
| 0.3 | 0.05 | 986 | -0.0765 | -2.52 | 0.847 | 0.466 | 1 | -0.0529 | -0.1009 | 91.7 | 0.095 |
| 0.3 | 0.1 | 726 | -0.0987 | -2.79 | 0.806 | 0.453 | 1 | -0.0524 | -0.146 | 91.2 | 0.094 |
| 0.3 | 0.2 | 380 | -0.1066 | -2.21 | 0.791 | 0.455 | 2 | -0.0778 | -0.1391 | 66.3 | 0.092 |
| 0.5 | 0 | 886 | -0.0862 | -2.65 | 0.832 | 0.462 | 1 | -0.0651 | -0.1079 | 99.2 | 0.1 |
| 0.5 | 0.05 | 665 | -0.1189 | -3.19 | 0.774 | 0.442 | 1 | -0.0717 | -0.1689 | 103.3 | 0.098 |
| 0.5 | 0.1 | 482 | -0.1125 | -2.61 | 0.783 | 0.454 | 2 | -0.0586 | -0.1692 | 77.8 | 0.099 |
| 0.5 | 0.2 | 264 | -0.1399 | -2.38 | 0.739 | 0.443 | 1 | -0.111 | -0.1712 | 52.4 | 0.094 |

avg_R pivot (rows buf_k, cols buf_atr)

| buf_k | 0.0 | 0.05 | 0.1 | 0.2 |
|---|---|---|---|---|
| 0 | -0.037 | -0.0555 | -0.0462 | -0.0547 |
| 0.05 | -0.0362 | -0.0555 | -0.042 | -0.0828 |
| 0.1 | -0.0504 | -0.0528 | -0.0508 | -0.1004 |
| 0.2 | -0.0558 | -0.0386 | -0.0732 | -0.0906 |
| 0.3 | -0.0514 | -0.0765 | -0.0987 | -0.1066 |
| 0.5 | -0.0862 | -0.1189 | -0.1125 | -0.1399 |

### T1_asia0-8 / sl1W

| buf_k | buf_atr | n | avg_R | t_stat | PF | win_rate | yrs_pos | L_avg | S_avg | maxDD_R | cost_R |
|---|---|---|---|---|---|---|---|---|---|---|---|
| 0 | 0 | 1745 | 0.0097 | 0.31 | 1.02 | 0.405 | 4 | -0.0007 | 0.0212 | 38 | 0.075 |
| 0 | 0.05 | 1512 | -0.0027 | -0.08 | 0.995 | 0.402 | 3 | -0.0278 | 0.0253 | 32.1 | 0.076 |
| 0 | 0.1 | 1192 | -0.0246 | -0.66 | 0.951 | 0.393 | 1 | -0.0296 | -0.0192 | 55.1 | 0.079 |
| 0 | 0.2 | 710 | -0.0807 | -1.74 | 0.846 | 0.382 | 1 | -0.0735 | -0.088 | 72.3 | 0.078 |
| 0.05 | 0 | 1638 | 0.0141 | 0.44 | 1.029 | 0.409 | 4 | -0.0022 | 0.0322 | 29.5 | 0.076 |
| 0.05 | 0.05 | 1366 | -0.0174 | -0.5 | 0.965 | 0.397 | 2 | -0.0428 | 0.0101 | 38 | 0.078 |
| 0.05 | 0.1 | 1078 | -0.0203 | -0.52 | 0.96 | 0.403 | 1 | -0.0135 | -0.0274 | 46.8 | 0.079 |
| 0.05 | 0.2 | 640 | -0.0921 | -1.87 | 0.828 | 0.373 | 2 | -0.0596 | -0.1255 | 69.4 | 0.079 |
| 0.1 | 0 | 1541 | 0.0006 | 0.02 | 1.001 | 0.399 | 4 | -0.0143 | 0.017 | 31.5 | 0.078 |
| 0.1 | 0.05 | 1246 | -0.0292 | -0.8 | 0.943 | 0.398 | 1 | -0.0359 | -0.0218 | 56.6 | 0.08 |
| 0.1 | 0.1 | 977 | -0.0407 | -0.99 | 0.921 | 0.402 | 2 | -0.0378 | -0.0437 | 55.8 | 0.08 |
| 0.1 | 0.2 | 560 | -0.0973 | -1.81 | 0.822 | 0.37 | 2 | -0.0568 | -0.1393 | 65.3 | 0.079 |
| 0.2 | 0 | 1302 | -0.0092 | -0.25 | 0.982 | 0.4 | 3 | -0.0284 | 0.0117 | 28.7 | 0.081 |
| 0.2 | 0.05 | 1028 | -0.0214 | -0.52 | 0.959 | 0.399 | 2 | -0.032 | -0.0102 | 40.7 | 0.083 |
| 0.2 | 0.1 | 794 | -0.0922 | -2.04 | 0.83 | 0.366 | 2 | -0.0613 | -0.1234 | 77.9 | 0.081 |
| 0.2 | 0.2 | 442 | -0.0824 | -1.33 | 0.85 | 0.353 | 3 | -0.0491 | -0.1205 | 45.5 | 0.081 |
| 0.3 | 0 | 1083 | -0.0254 | -0.62 | 0.952 | 0.394 | 2 | -0.0609 | 0.013 | 49.3 | 0.085 |
| 0.3 | 0.05 | 854 | -0.08 | -1.77 | 0.855 | 0.371 | 1 | -0.0777 | -0.0824 | 75 | 0.085 |
| 0.3 | 0.1 | 631 | -0.0888 | -1.7 | 0.841 | 0.361 | 2 | -0.0268 | -0.1503 | 67.5 | 0.085 |
| 0.3 | 0.2 | 349 | -0.1004 | -1.38 | 0.827 | 0.338 | 4 | -0.0445 | -0.1587 | 46.8 | 0.082 |
| 0.5 | 0 | 744 | -0.082 | -1.63 | 0.857 | 0.359 | 3 | -0.085 | -0.0789 | 66.8 | 0.091 |
| 0.5 | 0.05 | 557 | -0.1161 | -2.03 | 0.803 | 0.354 | 2 | -0.059 | -0.1756 | 72.6 | 0.091 |
| 0.5 | 0.1 | 411 | -0.1009 | -1.48 | 0.83 | 0.341 | 2 | -0.1031 | -0.0984 | 52.2 | 0.091 |
| 0.5 | 0.2 | 227 | -0.1755 | -1.95 | 0.722 | 0.317 | 2 | -0.056 | -0.2982 | 43.5 | 0.09 |

avg_R pivot (rows buf_k, cols buf_atr)

| buf_k | 0.0 | 0.05 | 0.1 | 0.2 |
|---|---|---|---|---|
| 0 | 0.0097 | -0.0027 | -0.0246 | -0.0807 |
| 0.05 | 0.0141 | -0.0174 | -0.0203 | -0.0921 |
| 0.1 | 0.0006 | -0.0292 | -0.0407 | -0.0973 |
| 0.2 | -0.0092 | -0.0214 | -0.0922 | -0.0824 |
| 0.3 | -0.0254 | -0.08 | -0.0888 | -0.1004 |
| 0.5 | -0.082 | -0.1161 | -0.1009 | -0.1755 |

### T1_asia0-8 / slOpp

| buf_k | buf_atr | n | avg_R | t_stat | PF | win_rate | yrs_pos | L_avg | S_avg | maxDD_R | cost_R |
|---|---|---|---|---|---|---|---|---|---|---|---|
| 0 | 0 | 1745 | 0.0057 | 0.19 | 1.012 | 0.405 | 4 | -0.0058 | 0.0184 | 38.4 | 0.074 |
| 0 | 0.05 | 1512 | -0.0119 | -0.45 | 0.97 | 0.434 | 4 | -0.0386 | 0.0179 | 28.6 | 0.06 |
| 0 | 0.1 | 1192 | -0.0099 | -0.39 | 0.971 | 0.447 | 3 | -0.0178 | -0.0012 | 34.3 | 0.051 |
| 0 | 0.2 | 710 | -0.0216 | -0.85 | 0.919 | 0.455 | 3 | -0.0243 | -0.0189 | 28.6 | 0.038 |
| 0.05 | 0 | 1638 | -0.0042 | -0.14 | 0.991 | 0.417 | 4 | -0.0276 | 0.0218 | 29.4 | 0.069 |
| 0.05 | 0.05 | 1366 | -0.0112 | -0.43 | 0.971 | 0.44 | 4 | -0.0356 | 0.0153 | 31.3 | 0.057 |
| 0.05 | 0.1 | 1078 | -0.0067 | -0.27 | 0.979 | 0.457 | 4 | -0.0096 | -0.0037 | 23.3 | 0.048 |
| 0.05 | 0.2 | 640 | -0.0243 | -0.93 | 0.907 | 0.445 | 3 | -0.0149 | -0.034 | 27.5 | 0.036 |
| 0.1 | 0 | 1541 | -0.0085 | -0.3 | 0.98 | 0.421 | 4 | -0.028 | 0.013 | 31.2 | 0.064 |
| 0.1 | 0.05 | 1246 | -0.0167 | -0.64 | 0.954 | 0.446 | 4 | -0.0329 | 0.0011 | 36 | 0.054 |
| 0.1 | 0.1 | 977 | -0.0142 | -0.56 | 0.954 | 0.461 | 2 | -0.0225 | -0.0054 | 23.6 | 0.046 |
| 0.1 | 0.2 | 560 | -0.0247 | -0.9 | 0.904 | 0.45 | 3 | -0.0147 | -0.035 | 24.5 | 0.035 |
| 0.2 | 0 | 1302 | -0.0188 | -0.68 | 0.952 | 0.438 | 3 | -0.0433 | 0.008 | 36.5 | 0.058 |
| 0.2 | 0.05 | 1028 | -0.0106 | -0.4 | 0.968 | 0.454 | 3 | -0.0232 | 0.0027 | 23.7 | 0.05 |
| 0.2 | 0.1 | 794 | -0.0435 | -1.66 | 0.857 | 0.438 | 0 | -0.0483 | -0.0387 | 39.6 | 0.042 |
| 0.2 | 0.2 | 442 | -0.0361 | -1.24 | 0.855 | 0.432 | 2 | -0.0375 | -0.0345 | 21.6 | 0.033 |
| 0.3 | 0 | 1083 | -0.0121 | -0.44 | 0.966 | 0.447 | 3 | -0.0343 | 0.0119 | 27.4 | 0.053 |
| 0.3 | 0.05 | 854 | -0.0362 | -1.35 | 0.886 | 0.439 | 1 | -0.0456 | -0.0267 | 39 | 0.045 |
| 0.3 | 0.1 | 631 | -0.0288 | -1.03 | 0.898 | 0.452 | 2 | -0.0124 | -0.045 | 27.4 | 0.039 |
| 0.3 | 0.2 | 349 | -0.0396 | -1.24 | 0.837 | 0.427 | 3 | -0.0275 | -0.0523 | 20.7 | 0.031 |
| 0.5 | 0 | 744 | -0.033 | -1.13 | 0.896 | 0.435 | 1 | -0.0418 | -0.0238 | 32.7 | 0.045 |
| 0.5 | 0.05 | 557 | -0.0386 | -1.28 | 0.866 | 0.454 | 1 | -0.0407 | -0.0364 | 31.4 | 0.039 |
| 0.5 | 0.1 | 411 | -0.0321 | -1.01 | 0.874 | 0.433 | 2 | -0.0223 | -0.0429 | 20 | 0.034 |
| 0.5 | 0.2 | 227 | -0.0322 | -0.88 | 0.856 | 0.441 | 3 | 0.0108 | -0.0763 | 12.7 | 0.028 |

avg_R pivot (rows buf_k, cols buf_atr)

| buf_k | 0.0 | 0.05 | 0.1 | 0.2 |
|---|---|---|---|---|
| 0 | 0.0057 | -0.0119 | -0.0099 | -0.0216 |
| 0.05 | -0.0042 | -0.0112 | -0.0067 | -0.0243 |
| 0.1 | -0.0085 | -0.0167 | -0.0142 | -0.0247 |
| 0.2 | -0.0188 | -0.0106 | -0.0435 | -0.0361 |
| 0.3 | -0.0121 | -0.0362 | -0.0288 | -0.0396 |
| 0.5 | -0.033 | -0.0386 | -0.0321 | -0.0322 |

### T1_asia0-8 / sl0.5W

| buf_k | buf_atr | n | avg_R | t_stat | PF | win_rate | yrs_pos | L_avg | S_avg | maxDD_R | cost_R |
|---|---|---|---|---|---|---|---|---|---|---|---|
| 0 | 0 | 1745 | -0.0327 | -0.66 | 0.956 | 0.272 | 3 | -0.0306 | -0.035 | 101.8 | 0.15 |
| 0 | 0.05 | 1512 | -0.1171 | -2.33 | 0.845 | 0.253 | 1 | -0.08 | -0.1583 | 193.3 | 0.152 |
| 0 | 0.1 | 1192 | -0.1297 | -2.3 | 0.829 | 0.252 | 1 | -0.1251 | -0.1348 | 166 | 0.157 |
| 0 | 0.2 | 710 | -0.2321 | -3.44 | 0.701 | 0.234 | 0 | -0.1043 | -0.3628 | 179.2 | 0.156 |
| 0.05 | 0 | 1638 | -0.0769 | -1.53 | 0.898 | 0.261 | 2 | -0.0875 | -0.0651 | 133.6 | 0.152 |
| 0.05 | 0.05 | 1366 | -0.1145 | -2.11 | 0.85 | 0.248 | 1 | -0.1055 | -0.1243 | 174.8 | 0.157 |
| 0.05 | 0.1 | 1078 | -0.145 | -2.49 | 0.809 | 0.254 | 1 | -0.1143 | -0.177 | 167.3 | 0.159 |
| 0.05 | 0.2 | 640 | -0.2145 | -2.89 | 0.727 | 0.23 | 2 | -0.0693 | -0.3634 | 150.7 | 0.157 |
| 0.1 | 0 | 1541 | -0.1149 | -2.29 | 0.849 | 0.254 | 1 | -0.1184 | -0.1111 | 190.7 | 0.155 |
| 0.1 | 0.05 | 1246 | -0.1239 | -2.19 | 0.839 | 0.248 | 1 | -0.0771 | -0.1753 | 171.9 | 0.159 |
| 0.1 | 0.1 | 977 | -0.1246 | -2 | 0.836 | 0.258 | 1 | -0.0846 | -0.1665 | 133.5 | 0.16 |
| 0.1 | 0.2 | 560 | -0.1635 | -1.96 | 0.791 | 0.232 | 2 | -0.0344 | -0.2974 | 119 | 0.158 |
| 0.2 | 0 | 1302 | -0.1351 | -2.44 | 0.826 | 0.24 | 2 | -0.1028 | -0.1703 | 196.9 | 0.162 |
| 0.2 | 0.05 | 1028 | -0.116 | -1.87 | 0.849 | 0.251 | 1 | -0.1054 | -0.1272 | 153.2 | 0.166 |
| 0.2 | 0.1 | 794 | -0.2012 | -2.9 | 0.747 | 0.229 | 0 | -0.1151 | -0.2882 | 168.5 | 0.162 |
| 0.2 | 0.2 | 442 | -0.1983 | -2.16 | 0.751 | 0.222 | 2 | -0.1078 | -0.3019 | 95.2 | 0.162 |
| 0.3 | 0 | 1083 | -0.1115 | -1.8 | 0.856 | 0.244 | 1 | -0.0776 | -0.148 | 144.2 | 0.169 |
| 0.3 | 0.05 | 854 | -0.1804 | -2.62 | 0.775 | 0.228 | 1 | -0.1423 | -0.2188 | 162.8 | 0.17 |
| 0.3 | 0.1 | 631 | -0.169 | -2.08 | 0.789 | 0.225 | 2 | -0.0036 | -0.3328 | 126.7 | 0.171 |
| 0.3 | 0.2 | 349 | -0.1645 | -1.48 | 0.795 | 0.218 | 3 | -0.0366 | -0.2976 | 79.6 | 0.165 |
| 0.5 | 0 | 744 | -0.2097 | -2.76 | 0.747 | 0.211 | 2 | -0.166 | -0.2555 | 171.2 | 0.182 |
| 0.5 | 0.05 | 557 | -0.2762 | -3.32 | 0.67 | 0.206 | 2 | -0.0878 | -0.4722 | 164 | 0.181 |
| 0.5 | 0.1 | 411 | -0.2196 | -2.16 | 0.734 | 0.197 | 3 | -0.0811 | -0.3731 | 108.4 | 0.183 |
| 0.5 | 0.2 | 227 | -0.184 | -1.27 | 0.781 | 0.194 | 3 | -0.1703 | -0.198 | 60.8 | 0.18 |

avg_R pivot (rows buf_k, cols buf_atr)

| buf_k | 0.0 | 0.05 | 0.1 | 0.2 |
|---|---|---|---|---|
| 0 | -0.0327 | -0.1171 | -0.1297 | -0.2321 |
| 0.05 | -0.0769 | -0.1145 | -0.145 | -0.2145 |
| 0.1 | -0.1149 | -0.1239 | -0.1246 | -0.1635 |
| 0.2 | -0.1351 | -0.116 | -0.2012 | -0.1983 |
| 0.3 | -0.1115 | -0.1804 | -0.169 | -0.1645 |
| 0.5 | -0.2097 | -0.2762 | -0.2196 | -0.184 |

### T1_asia0-8 / sl1W_tp1

| buf_k | buf_atr | n | avg_R | t_stat | PF | win_rate | yrs_pos | L_avg | S_avg | maxDD_R | cost_R |
|---|---|---|---|---|---|---|---|---|---|---|---|
| 0 | 0 | 1745 | -0.025 | -1.18 | 0.941 | 0.481 | 3 | -0.0326 | -0.0167 | 63.6 | 0.075 |
| 0 | 0.05 | 1512 | -0.0346 | -1.53 | 0.919 | 0.477 | 1 | -0.0418 | -0.0267 | 68.7 | 0.076 |
| 0 | 0.1 | 1192 | -0.0361 | -1.39 | 0.917 | 0.477 | 1 | -0.0403 | -0.0314 | 70.5 | 0.079 |
| 0 | 0.2 | 710 | -0.0719 | -2.12 | 0.843 | 0.463 | 2 | -0.0671 | -0.0769 | 68.5 | 0.078 |
| 0.05 | 0 | 1638 | -0.0169 | -0.77 | 0.96 | 0.487 | 3 | -0.0258 | -0.0069 | 44.6 | 0.076 |
| 0.05 | 0.05 | 1366 | -0.036 | -1.5 | 0.917 | 0.477 | 2 | -0.0518 | -0.0189 | 66.2 | 0.078 |
| 0.05 | 0.1 | 1078 | -0.0266 | -0.97 | 0.939 | 0.489 | 2 | -0.0162 | -0.0375 | 53.7 | 0.079 |
| 0.05 | 0.2 | 640 | -0.0895 | -2.49 | 0.809 | 0.453 | 1 | -0.0686 | -0.111 | 68.4 | 0.079 |
| 0.1 | 0 | 1541 | -0.0345 | -1.53 | 0.92 | 0.474 | 2 | -0.042 | -0.0262 | 67.8 | 0.078 |
| 0.1 | 0.05 | 1246 | -0.0486 | -1.91 | 0.891 | 0.477 | 1 | -0.0515 | -0.0455 | 79.4 | 0.08 |
| 0.1 | 0.1 | 977 | -0.0328 | -1.13 | 0.926 | 0.491 | 2 | -0.037 | -0.0284 | 47.5 | 0.08 |
| 0.1 | 0.2 | 560 | -0.0934 | -2.41 | 0.804 | 0.454 | 1 | -0.0757 | -0.1116 | 66.3 | 0.079 |
| 0.2 | 0 | 1302 | -0.0363 | -1.45 | 0.918 | 0.485 | 3 | -0.0386 | -0.0337 | 64.2 | 0.081 |
| 0.2 | 0.05 | 1028 | -0.0301 | -1.05 | 0.932 | 0.488 | 3 | -0.0318 | -0.0283 | 51.3 | 0.083 |
| 0.2 | 0.1 | 794 | -0.063 | -1.93 | 0.864 | 0.469 | 1 | -0.0479 | -0.0783 | 60.2 | 0.081 |
| 0.2 | 0.2 | 442 | -0.1064 | -2.48 | 0.778 | 0.441 | 1 | -0.0854 | -0.1304 | 56.7 | 0.081 |
| 0.3 | 0 | 1083 | -0.0433 | -1.56 | 0.905 | 0.481 | 2 | -0.0634 | -0.0217 | 72.4 | 0.085 |
| 0.3 | 0.05 | 854 | -0.0719 | -2.28 | 0.848 | 0.468 | 1 | -0.0779 | -0.0659 | 74.2 | 0.085 |
| 0.3 | 0.1 | 631 | -0.0811 | -2.2 | 0.83 | 0.456 | 2 | -0.043 | -0.1188 | 70.4 | 0.085 |
| 0.3 | 0.2 | 349 | -0.1468 | -3.01 | 0.712 | 0.424 | 1 | -0.1508 | -0.1426 | 59.2 | 0.082 |
| 0.5 | 0 | 744 | -0.081 | -2.36 | 0.834 | 0.464 | 1 | -0.0865 | -0.0753 | 73.9 | 0.091 |
| 0.5 | 0.05 | 557 | -0.0918 | -2.31 | 0.813 | 0.461 | 1 | -0.0582 | -0.1268 | 68.4 | 0.091 |
| 0.5 | 0.1 | 411 | -0.125 | -2.69 | 0.755 | 0.445 | 0 | -0.133 | -0.1161 | 57.7 | 0.091 |
| 0.5 | 0.2 | 227 | -0.2173 | -3.57 | 0.611 | 0.396 | 0 | -0.1002 | -0.3375 | 55.2 | 0.09 |

avg_R pivot (rows buf_k, cols buf_atr)

| buf_k | 0.0 | 0.05 | 0.1 | 0.2 |
|---|---|---|---|---|
| 0 | -0.025 | -0.0346 | -0.0361 | -0.0719 |
| 0.05 | -0.0169 | -0.036 | -0.0266 | -0.0895 |
| 0.1 | -0.0345 | -0.0486 | -0.0328 | -0.0934 |
| 0.2 | -0.0363 | -0.0301 | -0.063 | -0.1064 |
| 0.3 | -0.0433 | -0.0719 | -0.0811 | -0.1468 |
| 0.5 | -0.081 | -0.0918 | -0.125 | -0.2173 |

### T2_ldn7-8 / sl1W

| buf_k | buf_atr | n | avg_R | t_stat | PF | win_rate | yrs_pos | L_avg | S_avg | maxDD_R | cost_R |
|---|---|---|---|---|---|---|---|---|---|---|---|
| 0 | 0 | 2013 | -0.0396 | -0.78 | 0.949 | 0.248 | 3 | -0.0253 | -0.056 | 159.8 | 0.168 |
| 0 | 0.05 | 1897 | -0.109 | -2.26 | 0.86 | 0.232 | 1 | -0.0782 | -0.1444 | 227.1 | 0.173 |
| 0 | 0.1 | 1575 | -0.1277 | -2.47 | 0.838 | 0.226 | 2 | -0.1146 | -0.1421 | 223.1 | 0.173 |
| 0 | 0.2 | 888 | -0.2867 | -4.42 | 0.658 | 0.193 | 1 | -0.2391 | -0.3384 | 262.4 | 0.176 |
| 0.05 | 0 | 1997 | -0.0694 | -1.38 | 0.911 | 0.239 | 2 | -0.048 | -0.0944 | 177.2 | 0.17 |
| 0.05 | 0.05 | 1838 | -0.1285 | -2.66 | 0.836 | 0.23 | 1 | -0.0912 | -0.171 | 254.1 | 0.173 |
| 0.05 | 0.1 | 1492 | -0.1311 | -2.48 | 0.834 | 0.224 | 1 | -0.125 | -0.1378 | 214.6 | 0.176 |
| 0.05 | 0.2 | 839 | -0.3072 | -4.6 | 0.637 | 0.187 | 0 | -0.2501 | -0.3678 | 268.9 | 0.178 |
| 0.1 | 0 | 1978 | -0.0838 | -1.67 | 0.893 | 0.235 | 1 | -0.0886 | -0.0781 | 201 | 0.171 |
| 0.1 | 0.05 | 1782 | -0.1311 | -2.65 | 0.834 | 0.224 | 1 | -0.1104 | -0.1542 | 251.9 | 0.176 |
| 0.1 | 0.1 | 1427 | -0.1446 | -2.68 | 0.819 | 0.219 | 2 | -0.124 | -0.1671 | 227 | 0.177 |
| 0.1 | 0.2 | 782 | -0.2724 | -3.85 | 0.675 | 0.192 | 1 | -0.1974 | -0.351 | 233 | 0.178 |
| 0.2 | 0 | 1914 | -0.1056 | -2.08 | 0.866 | 0.226 | 0 | -0.1103 | -0.1 | 219.1 | 0.174 |
| 0.2 | 0.05 | 1659 | -0.1442 | -2.83 | 0.819 | 0.218 | 1 | -0.133 | -0.1569 | 254.7 | 0.18 |
| 0.2 | 0.1 | 1305 | -0.1726 | -3.02 | 0.788 | 0.208 | 2 | -0.1633 | -0.1825 | 241.6 | 0.181 |
| 0.2 | 0.2 | 687 | -0.3311 | -4.5 | 0.612 | 0.18 | 0 | -0.1967 | -0.466 | 235.7 | 0.183 |
| 0.3 | 0 | 1819 | -0.1032 | -2.04 | 0.869 | 0.227 | 1 | -0.1244 | -0.0775 | 211.6 | 0.178 |
| 0.3 | 0.05 | 1548 | -0.1546 | -2.88 | 0.81 | 0.207 | 1 | -0.1388 | -0.1717 | 252.2 | 0.183 |
| 0.3 | 0.1 | 1171 | -0.2185 | -3.67 | 0.737 | 0.201 | 0 | -0.1956 | -0.2424 | 268.9 | 0.187 |
| 0.3 | 0.2 | 619 | -0.3673 | -4.77 | 0.576 | 0.166 | 0 | -0.2478 | -0.4864 | 234.8 | 0.183 |
| 0.5 | 0 | 1628 | -0.1199 | -2.2 | 0.852 | 0.213 | 1 | -0.1046 | -0.1368 | 210.5 | 0.185 |
| 0.5 | 0.05 | 1297 | -0.2069 | -3.64 | 0.751 | 0.2 | 1 | -0.1945 | -0.2204 | 284.7 | 0.19 |
| 0.5 | 0.1 | 946 | -0.2428 | -3.54 | 0.715 | 0.185 | 0 | -0.2242 | -0.262 | 237.5 | 0.193 |
| 0.5 | 0.2 | 477 | -0.3313 | -3.55 | 0.619 | 0.168 | 1 | -0.2085 | -0.4496 | 173.6 | 0.19 |

avg_R pivot (rows buf_k, cols buf_atr)

| buf_k | 0.0 | 0.05 | 0.1 | 0.2 |
|---|---|---|---|---|
| 0 | -0.0396 | -0.109 | -0.1277 | -0.2867 |
| 0.05 | -0.0694 | -0.1285 | -0.1311 | -0.3072 |
| 0.1 | -0.0838 | -0.1311 | -0.1446 | -0.2724 |
| 0.2 | -0.1056 | -0.1442 | -0.1726 | -0.3311 |
| 0.3 | -0.1032 | -0.1546 | -0.2185 | -0.3673 |
| 0.5 | -0.1199 | -0.2069 | -0.2428 | -0.3313 |

### T2_ldn7-8 / slOpp

| buf_k | buf_atr | n | avg_R | t_stat | PF | win_rate | yrs_pos | L_avg | S_avg | maxDD_R | cost_R |
|---|---|---|---|---|---|---|---|---|---|---|---|
| 0 | 0 | 2013 | -0.0159 | -0.31 | 0.979 | 0.255 | 4 | 0.0041 | -0.0387 | 125.1 | 0.165 |
| 0 | 0.05 | 1897 | -0.0368 | -1.03 | 0.94 | 0.345 | 2 | -0.0406 | -0.0324 | 82.6 | 0.107 |
| 0 | 0.1 | 1575 | -0.0141 | -0.45 | 0.972 | 0.401 | 3 | -0.0338 | 0.0077 | 59.9 | 0.078 |
| 0 | 0.2 | 888 | -0.0466 | -1.56 | 0.876 | 0.43 | 2 | -0.0599 | -0.0321 | 57.7 | 0.052 |
| 0.05 | 0 | 1997 | -0.0372 | -0.78 | 0.95 | 0.263 | 3 | -0.0249 | -0.0517 | 148 | 0.151 |
| 0.05 | 0.05 | 1838 | -0.0365 | -1.05 | 0.938 | 0.356 | 2 | -0.0439 | -0.0281 | 89.2 | 0.101 |
| 0.05 | 0.1 | 1492 | -0.0093 | -0.3 | 0.981 | 0.41 | 3 | -0.0326 | 0.0159 | 43.3 | 0.075 |
| 0.05 | 0.2 | 839 | -0.0572 | -1.91 | 0.847 | 0.429 | 2 | -0.065 | -0.0489 | 58 | 0.051 |
| 0.1 | 0 | 1978 | -0.0372 | -0.82 | 0.948 | 0.278 | 3 | -0.0356 | -0.0392 | 156.2 | 0.14 |
| 0.1 | 0.05 | 1782 | -0.0322 | -0.94 | 0.944 | 0.362 | 2 | -0.0419 | -0.0214 | 78.9 | 0.096 |
| 0.1 | 0.1 | 1427 | -0.0008 | -0.03 | 0.998 | 0.418 | 4 | -0.0289 | 0.0298 | 33.3 | 0.072 |
| 0.1 | 0.2 | 782 | -0.0506 | -1.66 | 0.861 | 0.436 | 2 | -0.0558 | -0.0452 | 51.9 | 0.049 |
| 0.2 | 0 | 1914 | -0.035 | -0.84 | 0.948 | 0.307 | 3 | -0.0454 | -0.0226 | 113.6 | 0.122 |
| 0.2 | 0.05 | 1659 | -0.0257 | -0.78 | 0.952 | 0.38 | 2 | -0.047 | -0.002 | 59.5 | 0.087 |
| 0.2 | 0.1 | 1305 | -0.0235 | -0.78 | 0.947 | 0.415 | 4 | -0.0474 | 0.002 | 45.7 | 0.068 |
| 0.2 | 0.2 | 687 | -0.0421 | -1.34 | 0.877 | 0.443 | 3 | -0.0418 | -0.0423 | 43.8 | 0.047 |
| 0.3 | 0 | 1819 | -0.0305 | -0.78 | 0.951 | 0.332 | 3 | -0.0666 | 0.0134 | 82.3 | 0.11 |
| 0.3 | 0.05 | 1548 | -0.0195 | -0.6 | 0.962 | 0.395 | 3 | -0.0293 | -0.009 | 61.4 | 0.08 |
| 0.3 | 0.1 | 1171 | -0.0469 | -1.56 | 0.892 | 0.409 | 1 | -0.0684 | -0.0243 | 64.7 | 0.065 |
| 0.3 | 0.2 | 619 | -0.0463 | -1.44 | 0.861 | 0.446 | 3 | -0.0336 | -0.0591 | 42.2 | 0.044 |
| 0.5 | 0 | 1628 | -0.0194 | -0.54 | 0.965 | 0.369 | 4 | -0.0452 | 0.0092 | 72.3 | 0.092 |
| 0.5 | 0.05 | 1297 | -0.0206 | -0.65 | 0.955 | 0.41 | 2 | -0.0542 | 0.0162 | 38.4 | 0.071 |
| 0.5 | 0.1 | 946 | -0.0431 | -1.38 | 0.893 | 0.428 | 2 | -0.0637 | -0.0219 | 47.9 | 0.058 |
| 0.5 | 0.2 | 477 | -0.0321 | -0.93 | 0.893 | 0.463 | 3 | -0.0251 | -0.0389 | 28.5 | 0.041 |

avg_R pivot (rows buf_k, cols buf_atr)

| buf_k | 0.0 | 0.05 | 0.1 | 0.2 |
|---|---|---|---|---|
| 0 | -0.0159 | -0.0368 | -0.0141 | -0.0466 |
| 0.05 | -0.0372 | -0.0365 | -0.0093 | -0.0572 |
| 0.1 | -0.0372 | -0.0322 | -0.0008 | -0.0506 |
| 0.2 | -0.035 | -0.0257 | -0.0235 | -0.0421 |
| 0.3 | -0.0305 | -0.0195 | -0.0469 | -0.0463 |
| 0.5 | -0.0194 | -0.0206 | -0.0431 | -0.0321 |

### T2_ldn7-8 / sl0.5W

| buf_k | buf_atr | n | avg_R | t_stat | PF | win_rate | yrs_pos | L_avg | S_avg | maxDD_R | cost_R |
|---|---|---|---|---|---|---|---|---|---|---|---|
| 0 | 0 | 2013 | -0.366 | -6.18 | 0.626 | 0.105 | 0 | -0.3623 | -0.3702 | 747.2 | 0.337 |
| 0 | 0.05 | 1897 | -0.4018 | -6.74 | 0.592 | 0.099 | 0 | -0.3267 | -0.4879 | 789.5 | 0.346 |
| 0 | 0.1 | 1575 | -0.4425 | -6.81 | 0.557 | 0.088 | 0 | -0.394 | -0.496 | 718.2 | 0.347 |
| 0 | 0.2 | 888 | -0.6317 | -8.81 | 0.381 | 0.069 | 0 | -0.6264 | -0.6375 | 584.9 | 0.352 |
| 0.05 | 0 | 1997 | -0.3417 | -5.4 | 0.652 | 0.103 | 0 | -0.2874 | -0.4054 | 708.6 | 0.339 |
| 0.05 | 0.05 | 1838 | -0.3576 | -5.53 | 0.637 | 0.1 | 0 | -0.2646 | -0.4636 | 684.3 | 0.347 |
| 0.05 | 0.1 | 1492 | -0.5506 | -9.17 | 0.458 | 0.078 | 0 | -0.4427 | -0.6676 | 839.8 | 0.352 |
| 0.05 | 0.2 | 839 | -0.5945 | -7.47 | 0.417 | 0.072 | 0 | -0.586 | -0.6035 | 514.2 | 0.356 |
| 0.1 | 0 | 1978 | -0.2965 | -4.42 | 0.697 | 0.106 | 0 | -0.2423 | -0.3602 | 613.9 | 0.341 |
| 0.1 | 0.05 | 1782 | -0.3936 | -6.16 | 0.604 | 0.094 | 0 | -0.3018 | -0.4961 | 728.1 | 0.351 |
| 0.1 | 0.1 | 1427 | -0.558 | -8.99 | 0.453 | 0.075 | 0 | -0.4459 | -0.6801 | 811.9 | 0.353 |
| 0.1 | 0.2 | 782 | -0.6643 | -9.15 | 0.351 | 0.069 | 0 | -0.6095 | -0.7216 | 519.5 | 0.357 |
| 0.2 | 0 | 1914 | -0.3413 | -5.15 | 0.654 | 0.1 | 0 | -0.3761 | -0.3003 | 669.3 | 0.348 |
| 0.2 | 0.05 | 1659 | -0.4669 | -7.73 | 0.535 | 0.086 | 0 | -0.4003 | -0.5414 | 793.2 | 0.36 |
| 0.2 | 0.1 | 1305 | -0.5665 | -8.27 | 0.447 | 0.073 | 0 | -0.4587 | -0.6821 | 739.3 | 0.363 |
| 0.2 | 0.2 | 687 | -0.5627 | -5.5 | 0.452 | 0.068 | 1 | -0.3545 | -0.7715 | 400.5 | 0.366 |
| 0.3 | 0 | 1819 | -0.3342 | -4.83 | 0.663 | 0.095 | 1 | -0.2877 | -0.3906 | 635.7 | 0.355 |
| 0.3 | 0.05 | 1548 | -0.562 | -10.07 | 0.447 | 0.075 | 0 | -0.4475 | -0.6846 | 888 | 0.365 |
| 0.3 | 0.1 | 1171 | -0.5068 | -6.66 | 0.504 | 0.079 | 0 | -0.4253 | -0.5922 | 608.4 | 0.373 |
| 0.3 | 0.2 | 619 | -0.7738 | -10.91 | 0.26 | 0.052 | 0 | -0.6702 | -0.8771 | 492.7 | 0.365 |
| 0.5 | 0 | 1628 | -0.5176 | -8.4 | 0.492 | 0.075 | 0 | -0.3567 | -0.696 | 860.9 | 0.37 |
| 0.5 | 0.05 | 1297 | -0.617 | -9.83 | 0.405 | 0.068 | 0 | -0.5147 | -0.7289 | 815.1 | 0.379 |
| 0.5 | 0.1 | 946 | -0.5883 | -6.76 | 0.434 | 0.06 | 0 | -0.5064 | -0.673 | 572.4 | 0.386 |
| 0.5 | 0.2 | 477 | -0.7635 | -7.9 | 0.271 | 0.052 | 1 | -0.6097 | -0.9116 | 365.4 | 0.379 |

avg_R pivot (rows buf_k, cols buf_atr)

| buf_k | 0.0 | 0.05 | 0.1 | 0.2 |
|---|---|---|---|---|
| 0 | -0.366 | -0.4018 | -0.4425 | -0.6317 |
| 0.05 | -0.3417 | -0.3576 | -0.5506 | -0.5945 |
| 0.1 | -0.2965 | -0.3936 | -0.558 | -0.6643 |
| 0.2 | -0.3413 | -0.4669 | -0.5665 | -0.5627 |
| 0.3 | -0.3342 | -0.562 | -0.5068 | -0.7738 |
| 0.5 | -0.5176 | -0.617 | -0.5883 | -0.7635 |

### T2_ldn7-8 / sl1W_tp1

| buf_k | buf_atr | n | avg_R | t_stat | PF | win_rate | yrs_pos | L_avg | S_avg | maxDD_R | cost_R |
|---|---|---|---|---|---|---|---|---|---|---|---|
| 0 | 0 | 2013 | -0.1279 | -5.76 | 0.772 | 0.455 | 0 | -0.0997 | -0.1603 | 260.5 | 0.168 |
| 0 | 0.05 | 1897 | -0.1554 | -6.81 | 0.731 | 0.44 | 0 | -0.1517 | -0.1596 | 296.5 | 0.173 |
| 0 | 0.1 | 1575 | -0.1551 | -6.18 | 0.732 | 0.439 | 0 | -0.1777 | -0.1302 | 252.2 | 0.173 |
| 0 | 0.2 | 888 | -0.3008 | -9.12 | 0.542 | 0.37 | 0 | -0.2945 | -0.3076 | 269.9 | 0.176 |
| 0.05 | 0 | 1997 | -0.1332 | -5.96 | 0.765 | 0.452 | 0 | -0.1134 | -0.1565 | 269 | 0.17 |
| 0.05 | 0.05 | 1838 | -0.1496 | -6.44 | 0.74 | 0.444 | 0 | -0.1459 | -0.1539 | 277.9 | 0.173 |
| 0.05 | 0.1 | 1492 | -0.1535 | -5.95 | 0.734 | 0.44 | 0 | -0.1784 | -0.1264 | 231.7 | 0.176 |
| 0.05 | 0.2 | 839 | -0.2916 | -8.55 | 0.553 | 0.377 | 0 | -0.2768 | -0.3073 | 247.4 | 0.178 |
| 0.1 | 0 | 1978 | -0.1446 | -6.46 | 0.747 | 0.445 | 0 | -0.1318 | -0.1597 | 289.3 | 0.171 |
| 0.1 | 0.05 | 1782 | -0.1595 | -6.77 | 0.725 | 0.438 | 0 | -0.1594 | -0.1597 | 286 | 0.176 |
| 0.1 | 0.1 | 1427 | -0.1719 | -6.52 | 0.708 | 0.43 | 0 | -0.1955 | -0.1463 | 248.3 | 0.177 |
| 0.1 | 0.2 | 782 | -0.2635 | -7.51 | 0.587 | 0.386 | 0 | -0.2161 | -0.313 | 212.5 | 0.178 |
| 0.2 | 0 | 1914 | -0.1407 | -6.17 | 0.754 | 0.448 | 0 | -0.1327 | -0.1501 | 278.6 | 0.174 |
| 0.2 | 0.05 | 1659 | -0.1655 | -6.77 | 0.717 | 0.433 | 0 | -0.1831 | -0.1458 | 278.1 | 0.18 |
| 0.2 | 0.1 | 1305 | -0.1939 | -7 | 0.678 | 0.422 | 0 | -0.2204 | -0.1656 | 257 | 0.181 |
| 0.2 | 0.2 | 687 | -0.3099 | -8.35 | 0.533 | 0.364 | 0 | -0.2533 | -0.3666 | 220.4 | 0.183 |
| 0.3 | 0 | 1819 | -0.1426 | -6.09 | 0.751 | 0.446 | 0 | -0.1555 | -0.1269 | 264.3 | 0.178 |
| 0.3 | 0.05 | 1548 | -0.1788 | -7.06 | 0.699 | 0.428 | 0 | -0.1901 | -0.1667 | 279.6 | 0.183 |
| 0.3 | 0.1 | 1171 | -0.2333 | -8.02 | 0.625 | 0.406 | 0 | -0.2692 | -0.1957 | 279.6 | 0.187 |
| 0.3 | 0.2 | 619 | -0.326 | -8.38 | 0.515 | 0.357 | 0 | -0.2702 | -0.3816 | 206.9 | 0.183 |
| 0.5 | 0 | 1628 | -0.1732 | -7.01 | 0.707 | 0.432 | 0 | -0.1961 | -0.1478 | 284.7 | 0.185 |
| 0.5 | 0.05 | 1297 | -0.2187 | -7.96 | 0.644 | 0.412 | 0 | -0.2476 | -0.1871 | 288.4 | 0.19 |
| 0.5 | 0.1 | 946 | -0.2856 | -8.87 | 0.562 | 0.379 | 0 | -0.2861 | -0.285 | 273 | 0.193 |
| 0.5 | 0.2 | 477 | -0.3165 | -7.1 | 0.526 | 0.363 | 0 | -0.2448 | -0.3854 | 157.5 | 0.19 |

avg_R pivot (rows buf_k, cols buf_atr)

| buf_k | 0.0 | 0.05 | 0.1 | 0.2 |
|---|---|---|---|---|
| 0 | -0.1279 | -0.1554 | -0.1551 | -0.3008 |
| 0.05 | -0.1332 | -0.1496 | -0.1535 | -0.2916 |
| 0.1 | -0.1446 | -0.1595 | -0.1719 | -0.2635 |
| 0.2 | -0.1407 | -0.1655 | -0.1939 | -0.3099 |
| 0.3 | -0.1426 | -0.1788 | -0.2333 | -0.326 |
| 0.5 | -0.1732 | -0.2187 | -0.2856 | -0.3165 |

### T3_ldn8-13 / sl1W

| buf_k | buf_atr | n | avg_R | t_stat | PF | win_rate | yrs_pos | L_avg | S_avg | maxDD_R | cost_R |
|---|---|---|---|---|---|---|---|---|---|---|---|
| 0 | 0 | 1954 | -0.0394 | -1.42 | 0.914 | 0.398 | 1 | -0.0413 | -0.0372 | 98.3 | 0.077 |
| 0 | 0.05 | 1834 | -0.0711 | -2.59 | 0.849 | 0.377 | 1 | -0.0569 | -0.0862 | 137.3 | 0.078 |
| 0 | 0.1 | 1665 | -0.0741 | -2.57 | 0.843 | 0.386 | 1 | -0.0514 | -0.0986 | 129 | 0.079 |
| 0 | 0.2 | 1248 | -0.0842 | -2.69 | 0.819 | 0.402 | 0 | -0.0533 | -0.1157 | 110.8 | 0.08 |
| 0.05 | 0 | 1904 | -0.0451 | -1.61 | 0.903 | 0.392 | 1 | -0.0373 | -0.0537 | 109.7 | 0.078 |
| 0.05 | 0.05 | 1765 | -0.0829 | -2.96 | 0.827 | 0.376 | 1 | -0.0695 | -0.0972 | 150.6 | 0.079 |
| 0.05 | 0.1 | 1581 | -0.0646 | -2.17 | 0.862 | 0.393 | 1 | -0.0384 | -0.092 | 111.8 | 0.08 |
| 0.05 | 0.2 | 1169 | -0.0842 | -2.58 | 0.82 | 0.405 | 1 | -0.0438 | -0.125 | 104.9 | 0.08 |
| 0.1 | 0 | 1850 | -0.0512 | -1.79 | 0.891 | 0.385 | 1 | -0.0534 | -0.0488 | 110.7 | 0.079 |
| 0.1 | 0.05 | 1697 | -0.0876 | -3.06 | 0.819 | 0.374 | 1 | -0.066 | -0.1102 | 152.7 | 0.08 |
| 0.1 | 0.1 | 1507 | -0.0715 | -2.31 | 0.85 | 0.39 | 1 | -0.0601 | -0.0835 | 111.4 | 0.08 |
| 0.1 | 0.2 | 1087 | -0.0797 | -2.34 | 0.828 | 0.411 | 1 | -0.0514 | -0.109 | 95.5 | 0.082 |
| 0.2 | 0 | 1715 | -0.0684 | -2.33 | 0.857 | 0.376 | 1 | -0.0329 | -0.1052 | 121.3 | 0.08 |
| 0.2 | 0.05 | 1538 | -0.0803 | -2.62 | 0.834 | 0.383 | 1 | -0.0501 | -0.1116 | 130.5 | 0.081 |
| 0.2 | 0.1 | 1317 | -0.055 | -1.64 | 0.883 | 0.399 | 2 | -0.0163 | -0.0952 | 84.5 | 0.083 |
| 0.2 | 0.2 | 952 | -0.0681 | -1.81 | 0.853 | 0.41 | 2 | -0.0648 | -0.0717 | 87.5 | 0.085 |
| 0.3 | 0 | 1556 | -0.0888 | -2.91 | 0.82 | 0.372 | 1 | -0.0719 | -0.106 | 141.9 | 0.083 |
| 0.3 | 0.05 | 1370 | -0.0623 | -1.87 | 0.871 | 0.394 | 1 | -0.0444 | -0.081 | 94.2 | 0.085 |
| 0.3 | 0.1 | 1190 | -0.0624 | -1.78 | 0.868 | 0.402 | 1 | -0.0455 | -0.0803 | 81.3 | 0.085 |
| 0.3 | 0.2 | 834 | -0.0518 | -1.26 | 0.888 | 0.412 | 2 | -0.0265 | -0.0787 | 71.7 | 0.086 |
| 0.5 | 0 | 1273 | -0.0688 | -1.99 | 0.859 | 0.393 | 2 | -0.0423 | -0.0966 | 101.9 | 0.087 |
| 0.5 | 0.05 | 1091 | -0.0641 | -1.7 | 0.868 | 0.404 | 1 | -0.0388 | -0.0914 | 82.1 | 0.089 |
| 0.5 | 0.1 | 913 | -0.0647 | -1.61 | 0.865 | 0.405 | 2 | -0.0421 | -0.0887 | 69.9 | 0.089 |
| 0.5 | 0.2 | 661 | -0.0984 | -2.24 | 0.798 | 0.389 | 2 | -0.1 | -0.0968 | 65.9 | 0.088 |

avg_R pivot (rows buf_k, cols buf_atr)

| buf_k | 0.0 | 0.05 | 0.1 | 0.2 |
|---|---|---|---|---|
| 0 | -0.0394 | -0.0711 | -0.0741 | -0.0842 |
| 0.05 | -0.0451 | -0.0829 | -0.0646 | -0.0842 |
| 0.1 | -0.0512 | -0.0876 | -0.0715 | -0.0797 |
| 0.2 | -0.0684 | -0.0803 | -0.055 | -0.0681 |
| 0.3 | -0.0888 | -0.0623 | -0.0624 | -0.0518 |
| 0.5 | -0.0688 | -0.0641 | -0.0647 | -0.0984 |

### T3_ldn8-13 / slOpp

| buf_k | buf_atr | n | avg_R | t_stat | PF | win_rate | yrs_pos | L_avg | S_avg | maxDD_R | cost_R |
|---|---|---|---|---|---|---|---|---|---|---|---|
| 0 | 0 | 1954 | -0.0423 | -1.55 | 0.908 | 0.398 | 1 | -0.0454 | -0.0388 | 101.8 | 0.076 |
| 0 | 0.05 | 1834 | -0.0577 | -2.63 | 0.849 | 0.405 | 1 | -0.0492 | -0.0668 | 115.6 | 0.061 |
| 0 | 0.1 | 1665 | -0.0467 | -2.47 | 0.852 | 0.426 | 1 | -0.0374 | -0.0567 | 82.6 | 0.05 |
| 0 | 0.2 | 1248 | -0.0318 | -1.93 | 0.863 | 0.462 | 1 | -0.0105 | -0.0535 | 47.6 | 0.038 |
| 0.05 | 0 | 1904 | -0.0389 | -1.51 | 0.909 | 0.405 | 1 | -0.0326 | -0.0459 | 94.5 | 0.07 |
| 0.05 | 0.05 | 1765 | -0.061 | -2.9 | 0.832 | 0.408 | 1 | -0.053 | -0.0695 | 114.5 | 0.057 |
| 0.05 | 0.1 | 1581 | -0.0445 | -2.4 | 0.852 | 0.434 | 1 | -0.0305 | -0.059 | 79.5 | 0.047 |
| 0.05 | 0.2 | 1169 | -0.0262 | -1.6 | 0.881 | 0.464 | 0 | -0.0024 | -0.0502 | 36.8 | 0.036 |
| 0.1 | 0 | 1850 | -0.0463 | -1.89 | 0.885 | 0.405 | 1 | -0.0445 | -0.0483 | 102.1 | 0.065 |
| 0.1 | 0.05 | 1697 | -0.0596 | -2.93 | 0.827 | 0.41 | 1 | -0.043 | -0.077 | 104.1 | 0.054 |
| 0.1 | 0.1 | 1507 | -0.0459 | -2.52 | 0.84 | 0.435 | 1 | -0.0326 | -0.06 | 72.8 | 0.045 |
| 0.1 | 0.2 | 1087 | -0.0211 | -1.28 | 0.899 | 0.476 | 2 | -0.0064 | -0.0364 | 29.9 | 0.035 |
| 0.2 | 0 | 1715 | -0.0539 | -2.39 | 0.853 | 0.406 | 1 | -0.0334 | -0.0752 | 105.5 | 0.057 |
| 0.2 | 0.05 | 1538 | -0.0511 | -2.62 | 0.835 | 0.425 | 1 | -0.0349 | -0.068 | 83.3 | 0.048 |
| 0.2 | 0.1 | 1317 | -0.0286 | -1.58 | 0.889 | 0.453 | 1 | -0.0118 | -0.046 | 49.9 | 0.042 |
| 0.2 | 0.2 | 952 | -0.0138 | -0.82 | 0.928 | 0.472 | 3 | -0.006 | -0.0222 | 24.5 | 0.033 |
| 0.3 | 0 | 1556 | -0.0582 | -2.73 | 0.827 | 0.411 | 1 | -0.0391 | -0.0778 | 101.8 | 0.052 |
| 0.3 | 0.05 | 1370 | -0.0335 | -1.74 | 0.879 | 0.444 | 1 | -0.0196 | -0.048 | 60.3 | 0.044 |
| 0.3 | 0.1 | 1190 | -0.0271 | -1.54 | 0.884 | 0.459 | 1 | -0.0152 | -0.0398 | 39.1 | 0.039 |
| 0.3 | 0.2 | 834 | -0.0128 | -0.75 | 0.93 | 0.471 | 3 | -0.006 | -0.02 | 23.1 | 0.031 |
| 0.5 | 0 | 1273 | -0.0331 | -1.63 | 0.88 | 0.445 | 1 | -0.0173 | -0.0497 | 55.5 | 0.043 |
| 0.5 | 0.05 | 1091 | -0.0284 | -1.53 | 0.879 | 0.463 | 1 | -0.0146 | -0.0434 | 39.3 | 0.038 |
| 0.5 | 0.1 | 913 | -0.0134 | -0.74 | 0.933 | 0.476 | 3 | -0.0014 | -0.0262 | 20.1 | 0.034 |
| 0.5 | 0.2 | 661 | -0.0138 | -0.78 | 0.917 | 0.469 | 3 | 0.0016 | -0.0296 | 17.6 | 0.028 |

avg_R pivot (rows buf_k, cols buf_atr)

| buf_k | 0.0 | 0.05 | 0.1 | 0.2 |
|---|---|---|---|---|
| 0 | -0.0423 | -0.0577 | -0.0467 | -0.0318 |
| 0.05 | -0.0389 | -0.061 | -0.0445 | -0.0262 |
| 0.1 | -0.0463 | -0.0596 | -0.0459 | -0.0211 |
| 0.2 | -0.0539 | -0.0511 | -0.0286 | -0.0138 |
| 0.3 | -0.0582 | -0.0335 | -0.0271 | -0.0128 |
| 0.5 | -0.0331 | -0.0284 | -0.0134 | -0.0138 |

### T3_ldn8-13 / sl0.5W

| buf_k | buf_atr | n | avg_R | t_stat | PF | win_rate | yrs_pos | L_avg | S_avg | maxDD_R | cost_R |
|---|---|---|---|---|---|---|---|---|---|---|---|
| 0 | 0 | 1954 | -0.1214 | -2.84 | 0.832 | 0.274 | 1 | -0.1337 | -0.1071 | 249.7 | 0.155 |
| 0 | 0.05 | 1834 | -0.1236 | -2.78 | 0.827 | 0.274 | 1 | -0.1014 | -0.1471 | 246.5 | 0.157 |
| 0 | 0.1 | 1665 | -0.1927 | -4.47 | 0.732 | 0.269 | 0 | -0.1928 | -0.1926 | 329.2 | 0.158 |
| 0 | 0.2 | 1248 | -0.1923 | -4.17 | 0.727 | 0.28 | 1 | -0.1635 | -0.2216 | 241.7 | 0.159 |
| 0.05 | 0 | 1904 | -0.1046 | -2.33 | 0.854 | 0.271 | 1 | -0.1014 | -0.1082 | 216.6 | 0.156 |
| 0.05 | 0.05 | 1765 | -0.1303 | -2.9 | 0.818 | 0.274 | 1 | -0.1129 | -0.1488 | 243.3 | 0.158 |
| 0.05 | 0.1 | 1581 | -0.1713 | -3.8 | 0.761 | 0.273 | 0 | -0.1653 | -0.1775 | 282.3 | 0.159 |
| 0.05 | 0.2 | 1169 | -0.2021 | -4.27 | 0.716 | 0.276 | 1 | -0.2098 | -0.1942 | 237.8 | 0.161 |
| 0.1 | 0 | 1850 | -0.1311 | -3 | 0.819 | 0.268 | 1 | -0.1306 | -0.1316 | 258.5 | 0.157 |
| 0.1 | 0.05 | 1697 | -0.1482 | -3.27 | 0.793 | 0.273 | 1 | -0.1001 | -0.1985 | 258.1 | 0.159 |
| 0.1 | 0.1 | 1507 | -0.1959 | -4.32 | 0.73 | 0.267 | 0 | -0.206 | -0.1853 | 303.4 | 0.161 |
| 0.1 | 0.2 | 1087 | -0.2058 | -4.18 | 0.712 | 0.278 | 0 | -0.2529 | -0.1567 | 225.1 | 0.164 |
| 0.2 | 0 | 1715 | -0.1418 | -3.21 | 0.803 | 0.268 | 1 | -0.1389 | -0.1448 | 251.1 | 0.161 |
| 0.2 | 0.05 | 1538 | -0.1874 | -4.18 | 0.741 | 0.268 | 0 | -0.1727 | -0.2026 | 300.6 | 0.162 |
| 0.2 | 0.1 | 1317 | -0.1935 | -4.13 | 0.733 | 0.267 | 0 | -0.2037 | -0.1829 | 257.5 | 0.167 |
| 0.2 | 0.2 | 952 | -0.2394 | -4.56 | 0.669 | 0.269 | 0 | -0.2851 | -0.1897 | 230.6 | 0.17 |
| 0.3 | 0 | 1556 | -0.1669 | -3.5 | 0.77 | 0.267 | 0 | -0.1317 | -0.2029 | 264.8 | 0.167 |
| 0.3 | 0.05 | 1370 | -0.1976 | -4.08 | 0.731 | 0.26 | 0 | -0.1996 | -0.1956 | 285.8 | 0.17 |
| 0.3 | 0.1 | 1190 | -0.2096 | -4.37 | 0.71 | 0.269 | 1 | -0.2213 | -0.1972 | 250.7 | 0.17 |
| 0.3 | 0.2 | 834 | -0.198 | -3.27 | 0.728 | 0.267 | 1 | -0.2433 | -0.15 | 168.1 | 0.172 |
| 0.5 | 0 | 1273 | -0.1729 | -3.34 | 0.764 | 0.262 | 0 | -0.1541 | -0.1926 | 237.9 | 0.174 |
| 0.5 | 0.05 | 1091 | -0.2198 | -4.23 | 0.704 | 0.262 | 0 | -0.2291 | -0.2098 | 240.9 | 0.178 |
| 0.5 | 0.1 | 913 | -0.2585 | -4.83 | 0.652 | 0.26 | 0 | -0.3124 | -0.2014 | 239 | 0.178 |
| 0.5 | 0.2 | 661 | -0.2619 | -4.28 | 0.651 | 0.251 | 0 | -0.2565 | -0.2674 | 174.1 | 0.176 |

avg_R pivot (rows buf_k, cols buf_atr)

| buf_k | 0.0 | 0.05 | 0.1 | 0.2 |
|---|---|---|---|---|
| 0 | -0.1214 | -0.1236 | -0.1927 | -0.1923 |
| 0.05 | -0.1046 | -0.1303 | -0.1713 | -0.2021 |
| 0.1 | -0.1311 | -0.1482 | -0.1959 | -0.2058 |
| 0.2 | -0.1418 | -0.1874 | -0.1935 | -0.2394 |
| 0.3 | -0.1669 | -0.1976 | -0.2096 | -0.198 |
| 0.5 | -0.1729 | -0.2198 | -0.2585 | -0.2619 |

### T3_ldn8-13 / sl1W_tp1

| buf_k | buf_atr | n | avg_R | t_stat | PF | win_rate | yrs_pos | L_avg | S_avg | maxDD_R | cost_R |
|---|---|---|---|---|---|---|---|---|---|---|---|
| 0 | 0 | 1954 | -0.062 | -3.27 | 0.85 | 0.459 | 2 | -0.0761 | -0.0455 | 128.2 | 0.077 |
| 0 | 0.05 | 1834 | -0.093 | -4.78 | 0.781 | 0.435 | 0 | -0.0866 | -0.0998 | 175.1 | 0.078 |
| 0 | 0.1 | 1665 | -0.0952 | -4.67 | 0.778 | 0.438 | 0 | -0.0901 | -0.1007 | 162.8 | 0.079 |
| 0 | 0.2 | 1248 | -0.0837 | -3.54 | 0.802 | 0.454 | 0 | -0.0635 | -0.1042 | 107.8 | 0.08 |
| 0.05 | 0 | 1904 | -0.0688 | -3.58 | 0.834 | 0.452 | 2 | -0.0746 | -0.0624 | 139.2 | 0.078 |
| 0.05 | 0.05 | 1765 | -0.0989 | -4.97 | 0.771 | 0.436 | 0 | -0.096 | -0.102 | 178.8 | 0.079 |
| 0.05 | 0.1 | 1581 | -0.0875 | -4.17 | 0.794 | 0.445 | 1 | -0.0832 | -0.0921 | 142.5 | 0.08 |
| 0.05 | 0.2 | 1169 | -0.0887 | -3.63 | 0.791 | 0.453 | 0 | -0.0589 | -0.1187 | 109.3 | 0.08 |
| 0.1 | 0 | 1850 | -0.0805 | -4.15 | 0.808 | 0.446 | 1 | -0.0905 | -0.0695 | 153.6 | 0.079 |
| 0.1 | 0.05 | 1697 | -0.1017 | -5 | 0.766 | 0.433 | 0 | -0.0978 | -0.1057 | 176.8 | 0.08 |
| 0.1 | 0.1 | 1507 | -0.1105 | -5.15 | 0.747 | 0.435 | 0 | -0.1238 | -0.0966 | 170.4 | 0.08 |
| 0.1 | 0.2 | 1087 | -0.0822 | -3.25 | 0.804 | 0.46 | 0 | -0.0602 | -0.1051 | 94.9 | 0.082 |
| 0.2 | 0 | 1715 | -0.0939 | -4.64 | 0.781 | 0.437 | 0 | -0.0759 | -0.1125 | 165 | 0.08 |
| 0.2 | 0.05 | 1538 | -0.1 | -4.67 | 0.77 | 0.438 | 0 | -0.0902 | -0.1102 | 157.5 | 0.081 |
| 0.2 | 0.1 | 1317 | -0.0796 | -3.43 | 0.813 | 0.451 | 0 | -0.0702 | -0.0894 | 108.3 | 0.083 |
| 0.2 | 0.2 | 952 | -0.0831 | -3.04 | 0.805 | 0.455 | 2 | -0.0784 | -0.0883 | 87.7 | 0.085 |
| 0.3 | 0 | 1556 | -0.1077 | -5.01 | 0.758 | 0.43 | 0 | -0.1046 | -0.1108 | 171.2 | 0.083 |
| 0.3 | 0.05 | 1370 | -0.09 | -3.94 | 0.792 | 0.448 | 0 | -0.0942 | -0.0856 | 126.6 | 0.085 |
| 0.3 | 0.1 | 1190 | -0.0829 | -3.4 | 0.806 | 0.453 | 0 | -0.0893 | -0.0761 | 102.9 | 0.085 |
| 0.3 | 0.2 | 834 | -0.073 | -2.49 | 0.827 | 0.458 | 2 | -0.0588 | -0.0881 | 75.4 | 0.086 |
| 0.5 | 0 | 1273 | -0.0929 | -3.9 | 0.788 | 0.45 | 0 | -0.0964 | -0.0892 | 122.4 | 0.087 |
| 0.5 | 0.05 | 1091 | -0.0917 | -3.55 | 0.791 | 0.455 | 0 | -0.0953 | -0.0878 | 103.6 | 0.089 |
| 0.5 | 0.1 | 913 | -0.0882 | -3.12 | 0.798 | 0.453 | 1 | -0.0792 | -0.0976 | 85.6 | 0.089 |
| 0.5 | 0.2 | 661 | -0.1214 | -3.66 | 0.733 | 0.433 | 2 | -0.1112 | -0.132 | 84.2 | 0.088 |

avg_R pivot (rows buf_k, cols buf_atr)

| buf_k | 0.0 | 0.05 | 0.1 | 0.2 |
|---|---|---|---|---|
| 0 | -0.062 | -0.093 | -0.0952 | -0.0837 |
| 0.05 | -0.0688 | -0.0989 | -0.0875 | -0.0887 |
| 0.1 | -0.0805 | -0.1017 | -0.1105 | -0.0822 |
| 0.2 | -0.0939 | -0.1 | -0.0796 | -0.0831 |
| 0.3 | -0.1077 | -0.09 | -0.0829 | -0.073 |
| 0.5 | -0.0929 | -0.0917 | -0.0882 | -0.1214 |