
### T0_asia0-7 / sl1W

| tf | buf_k | buf_atr | n | avg_R | t_stat | PF | win_rate | yrs_pos | L_avg | S_avg | maxDD_R | cost_R |
|---|---|---|---|---|---|---|---|---|---|---|---|---|
| 5 | 0 | 0 | 1661 | -0.0189 | -0.54 | 0.966 | 0.382 | 5 | -0.0496 | 0.0129 | 54.1 | 0.086 |
| 5 | 0 | 0.1 | 1081 | -0.0302 | -0.7 | 0.946 | 0.386 | 4 | 0.0116 | -0.0702 | 72.8 | 0.088 |
| 5 | 0.1 | 0 | 1456 | -0.0112 | -0.29 | 0.98 | 0.379 | 3 | -0.0504 | 0.0285 | 46 | 0.089 |
| 5 | 0.1 | 0.1 | 860 | -0.0175 | -0.35 | 0.969 | 0.383 | 5 | 0.0302 | -0.0628 | 77.3 | 0.09 |
| 5 | 0.2 | 0 | 1216 | -0.0046 | -0.11 | 0.992 | 0.377 | 2 | -0.002 | -0.0073 | 50.3 | 0.093 |
| 5 | 0.2 | 0.1 | 684 | -0.0519 | -0.91 | 0.912 | 0.354 | 5 | 0.0134 | -0.1146 | 87.4 | 0.093 |
| 5 | 0.3 | 0 | 1046 | -0.0225 | -0.48 | 0.962 | 0.37 | 4 | -0.0061 | -0.0382 | 59.4 | 0.097 |
| 5 | 0.3 | 0.1 | 552 | -0.0505 | -0.78 | 0.916 | 0.342 | 4 | 0.0188 | -0.1193 | 77.9 | 0.094 |
| 15 | 0 | 0 | 1565 | -0.0211 | -0.59 | 0.962 | 0.38 | 3 | -0.0391 | -0.0025 | 54.8 | 0.087 |
| 15 | 0 | 0.1 | 966 | -0.0181 | -0.39 | 0.968 | 0.382 | 5 | 0.0561 | -0.0901 | 66.4 | 0.088 |
| 15 | 0.1 | 0 | 1338 | -0.0155 | -0.39 | 0.972 | 0.376 | 3 | -0.0193 | -0.0117 | 59 | 0.09 |
| 15 | 0.1 | 0.1 | 758 | -0.0337 | -0.65 | 0.94 | 0.377 | 4 | 0.0269 | -0.093 | 63.3 | 0.09 |
| 15 | 0.2 | 0 | 1140 | -0.0082 | -0.19 | 0.986 | 0.375 | 5 | 0.0115 | -0.0274 | 50.8 | 0.093 |
| 15 | 0.2 | 0.1 | 606 | -0.0619 | -1.05 | 0.895 | 0.347 | 4 | 0.0115 | -0.1324 | 70.6 | 0.093 |
| 15 | 0.3 | 0 | 962 | -0.0487 | -1.02 | 0.918 | 0.358 | 3 | 0.0349 | -0.1275 | 71 | 0.097 |
| 15 | 0.3 | 0.1 | 478 | -0.0625 | -0.92 | 0.895 | 0.337 | 4 | 0.0405 | -0.17 | 63.1 | 0.094 |
| 30 | 0 | 0 | 1448 | -0.005 | -0.13 | 0.991 | 0.378 | 4 | -0.0066 | -0.0034 | 42.4 | 0.087 |
| 30 | 0 | 0.1 | 857 | -0.0499 | -1.04 | 0.912 | 0.369 | 3 | -0.0041 | -0.0951 | 82.7 | 0.088 |
| 30 | 0.1 | 0 | 1227 | -0.0119 | -0.28 | 0.979 | 0.371 | 3 | -0.0024 | -0.0212 | 44 | 0.091 |
| 30 | 0.1 | 0.1 | 660 | -0.0428 | -0.77 | 0.924 | 0.38 | 3 | 0.0076 | -0.0929 | 63 | 0.09 |
| 30 | 0.2 | 0 | 1044 | -0.0166 | -0.36 | 0.971 | 0.364 | 4 | 0.0107 | -0.043 | 59.1 | 0.094 |
| 30 | 0.2 | 0.1 | 516 | -0.0267 | -0.41 | 0.953 | 0.366 | 5 | 0.06 | -0.1147 | 52.3 | 0.091 |
| 30 | 0.3 | 0 | 849 | -0.078 | -1.56 | 0.87 | 0.347 | 2 | -0.0094 | -0.1442 | 88.7 | 0.098 |
| 30 | 0.3 | 0.1 | 405 | -0.056 | -0.74 | 0.906 | 0.341 | 3 | 0.0316 | -0.1561 | 57.8 | 0.094 |
| 60 | 0 | 0 | 1294 | -0.0092 | -0.23 | 0.983 | 0.375 | 5 | -0.0086 | -0.0099 | 66.3 | 0.088 |
| 60 | 0 | 0.1 | 715 | -0.0255 | -0.47 | 0.953 | 0.382 | 4 | 0.028 | -0.0801 | 71.3 | 0.086 |
| 60 | 0.1 | 0 | 1078 | -0.0293 | -0.66 | 0.948 | 0.372 | 5 | -0.0032 | -0.0547 | 66.9 | 0.091 |
| 60 | 0.1 | 0.1 | 548 | -0.0021 | -0.03 | 0.996 | 0.385 | 3 | 0.0618 | -0.0719 | 57.2 | 0.09 |
| 60 | 0.2 | 0 | 897 | -0.0195 | -0.39 | 0.966 | 0.366 | 4 | 0.0192 | -0.0571 | 64.6 | 0.095 |
| 60 | 0.2 | 0.1 | 421 | 0.0201 | 0.26 | 1.036 | 0.382 | 4 | 0.1073 | -0.0761 | 41.3 | 0.091 |
| 60 | 0.3 | 0 | 698 | -0.0646 | -1.12 | 0.893 | 0.347 | 3 | -0.0008 | -0.128 | 79.4 | 0.098 |
| 60 | 0.3 | 0.1 | 329 | 0.0059 | 0.07 | 1.01 | 0.353 | 3 | 0.0645 | -0.0615 | 47.2 | 0.093 |

### T0_asia0-7 / slOpp

| tf | buf_k | buf_atr | n | avg_R | t_stat | PF | win_rate | yrs_pos | L_avg | S_avg | maxDD_R | cost_R |
|---|---|---|---|---|---|---|---|---|---|---|---|---|
| 5 | 0 | 0 | 1661 | -0.0165 | -0.52 | 0.967 | 0.4 | 5 | -0.0419 | 0.0098 | 60.4 | 0.076 |
| 5 | 0 | 0.1 | 1081 | -0.0139 | -0.51 | 0.961 | 0.454 | 4 | 0.0065 | -0.0334 | 38.5 | 0.052 |
| 5 | 0.1 | 0 | 1456 | -0.0101 | -0.33 | 0.978 | 0.42 | 3 | -0.0358 | 0.016 | 39.6 | 0.067 |
| 5 | 0.1 | 0.1 | 860 | -0.0115 | -0.4 | 0.965 | 0.462 | 3 | 0.0016 | -0.0239 | 38.7 | 0.047 |
| 5 | 0.2 | 0 | 1216 | -0.0111 | -0.36 | 0.973 | 0.435 | 3 | -0.0088 | -0.0133 | 41 | 0.06 |
| 5 | 0.2 | 0.1 | 684 | -0.008 | -0.26 | 0.974 | 0.458 | 4 | -0.0018 | -0.0139 | 27.3 | 0.042 |
| 5 | 0.3 | 0 | 1046 | -0.0272 | -0.91 | 0.93 | 0.437 | 3 | -0.0198 | -0.0341 | 44.9 | 0.055 |
| 5 | 0.3 | 0.1 | 552 | -0.0131 | -0.4 | 0.956 | 0.444 | 4 | 0.0044 | -0.0304 | 30.8 | 0.039 |
| 15 | 0 | 0 | 1565 | -0.0242 | -0.76 | 0.952 | 0.398 | 3 | -0.0423 | -0.0055 | 52.8 | 0.073 |
| 15 | 0 | 0.1 | 966 | -0.0024 | -0.08 | 0.993 | 0.453 | 5 | 0.0301 | -0.0339 | 30.2 | 0.05 |
| 15 | 0.1 | 0 | 1338 | -0.0164 | -0.53 | 0.963 | 0.419 | 4 | -0.0232 | -0.0098 | 53.8 | 0.065 |
| 15 | 0.1 | 0.1 | 758 | -0.0145 | -0.49 | 0.955 | 0.458 | 3 | -0.0092 | -0.0197 | 32.3 | 0.045 |
| 15 | 0.2 | 0 | 1140 | -0.01 | -0.32 | 0.976 | 0.433 | 4 | 0.004 | -0.0236 | 39.7 | 0.059 |
| 15 | 0.2 | 0.1 | 606 | -0.0211 | -0.67 | 0.931 | 0.437 | 4 | -0.0108 | -0.031 | 31.7 | 0.042 |
| 15 | 0.3 | 0 | 962 | -0.0295 | -0.96 | 0.923 | 0.428 | 3 | 0.0053 | -0.0623 | 38.5 | 0.054 |
| 15 | 0.3 | 0.1 | 478 | -0.0301 | -0.88 | 0.898 | 0.423 | 3 | -0.0033 | -0.058 | 30.9 | 0.038 |
| 30 | 0 | 0 | 1448 | -0.0147 | -0.45 | 0.97 | 0.401 | 2 | -0.0288 | -0.0003 | 42 | 0.071 |
| 30 | 0 | 0.1 | 857 | -0.0255 | -0.87 | 0.926 | 0.435 | 4 | -0.012 | -0.0389 | 45.7 | 0.049 |
| 30 | 0.1 | 0 | 1227 | -0.0259 | -0.82 | 0.941 | 0.412 | 3 | -0.0357 | -0.0163 | 48.9 | 0.064 |
| 30 | 0.1 | 0.1 | 660 | -0.0171 | -0.54 | 0.946 | 0.459 | 4 | -0.0147 | -0.0194 | 32.4 | 0.044 |
| 30 | 0.2 | 0 | 1044 | -0.0218 | -0.68 | 0.946 | 0.415 | 3 | -0.0193 | -0.0242 | 44.8 | 0.058 |
| 30 | 0.2 | 0.1 | 516 | 0.0134 | 0.39 | 1.047 | 0.453 | 5 | 0.0273 | -0.0006 | 22.7 | 0.04 |
| 30 | 0.3 | 0 | 849 | -0.0491 | -1.54 | 0.871 | 0.418 | 2 | -0.02 | -0.0772 | 51.5 | 0.053 |
| 30 | 0.3 | 0.1 | 405 | -0.0262 | -0.7 | 0.91 | 0.417 | 3 | -0.006 | -0.0492 | 29.8 | 0.037 |
| 60 | 0 | 0 | 1294 | -0.0134 | -0.41 | 0.971 | 0.407 | 5 | -0.0296 | 0.003 | 47 | 0.069 |
| 60 | 0 | 0.1 | 715 | -0.0188 | -0.6 | 0.943 | 0.449 | 3 | 0.0031 | -0.0411 | 41.8 | 0.047 |
| 60 | 0.1 | 0 | 1078 | -0.0255 | -0.79 | 0.94 | 0.422 | 4 | -0.0161 | -0.0347 | 47.7 | 0.061 |
| 60 | 0.1 | 0.1 | 548 | -0.0126 | -0.36 | 0.959 | 0.462 | 3 | 0.0009 | -0.0274 | 31.9 | 0.042 |
| 60 | 0.2 | 0 | 897 | -0.0246 | -0.74 | 0.938 | 0.423 | 3 | -0.007 | -0.0418 | 39.2 | 0.056 |
| 60 | 0.2 | 0.1 | 421 | 0.0098 | 0.26 | 1.035 | 0.473 | 3 | 0.0286 | -0.011 | 19.8 | 0.039 |
| 60 | 0.3 | 0 | 698 | -0.0415 | -1.18 | 0.889 | 0.421 | 3 | -0.0078 | -0.0751 | 46.2 | 0.052 |
| 60 | 0.3 | 0.1 | 329 | -0.0213 | -0.51 | 0.928 | 0.438 | 3 | -0.0043 | -0.0408 | 28 | 0.035 |

### T0_asia0-7 / sl1W_tp1

| tf | buf_k | buf_atr | n | avg_R | t_stat | PF | win_rate | yrs_pos | L_avg | S_avg | maxDD_R | cost_R |
|---|---|---|---|---|---|---|---|---|---|---|---|---|
| 5 | 0 | 0 | 1661 | -0.0587 | -2.59 | 0.875 | 0.474 | 2 | -0.0762 | -0.0407 | 105.7 | 0.086 |
| 5 | 0 | 0.1 | 1081 | -0.064 | -2.24 | 0.867 | 0.475 | 1 | -0.0311 | -0.0955 | 83.6 | 0.088 |
| 5 | 0.1 | 0 | 1456 | -0.0717 | -2.94 | 0.851 | 0.468 | 1 | -0.0909 | -0.0522 | 113.2 | 0.089 |
| 5 | 0.1 | 0.1 | 860 | -0.0638 | -2 | 0.868 | 0.478 | 2 | -0.0199 | -0.1055 | 71.7 | 0.09 |
| 5 | 0.2 | 0 | 1216 | -0.0661 | -2.45 | 0.863 | 0.475 | 0 | -0.0522 | -0.0798 | 91.4 | 0.093 |
| 5 | 0.2 | 0.1 | 684 | -0.0849 | -2.36 | 0.829 | 0.459 | 3 | -0.04 | -0.128 | 73 | 0.093 |
| 5 | 0.3 | 0 | 1046 | -0.0779 | -2.65 | 0.843 | 0.468 | 1 | -0.057 | -0.0977 | 91.5 | 0.097 |
| 5 | 0.3 | 0.1 | 552 | -0.0852 | -2.12 | 0.829 | 0.46 | 2 | -0.0609 | -0.1094 | 68.2 | 0.094 |
| 15 | 0 | 0 | 1565 | -0.0757 | -3.24 | 0.842 | 0.466 | 1 | -0.0808 | -0.0704 | 123.8 | 0.087 |
| 15 | 0 | 0.1 | 966 | -0.0594 | -1.98 | 0.876 | 0.475 | 3 | -0.0145 | -0.103 | 75.6 | 0.088 |
| 15 | 0.1 | 0 | 1338 | -0.06 | -2.36 | 0.874 | 0.475 | 2 | -0.0553 | -0.0647 | 95.2 | 0.09 |
| 15 | 0.1 | 0.1 | 758 | -0.0462 | -1.36 | 0.902 | 0.482 | 3 | -0.0101 | -0.0816 | 53.7 | 0.09 |
| 15 | 0.2 | 0 | 1140 | -0.0689 | -2.46 | 0.859 | 0.473 | 2 | -0.0449 | -0.0924 | 94.8 | 0.093 |
| 15 | 0.2 | 0.1 | 606 | -0.0842 | -2.2 | 0.83 | 0.457 | 3 | -0.0643 | -0.1033 | 73.3 | 0.093 |
| 15 | 0.3 | 0 | 962 | -0.0863 | -2.81 | 0.828 | 0.46 | 2 | -0.0279 | -0.1414 | 93.5 | 0.097 |
| 15 | 0.3 | 0.1 | 478 | -0.0813 | -1.9 | 0.835 | 0.456 | 2 | -0.0609 | -0.1026 | 61.2 | 0.094 |
| 30 | 0 | 0 | 1448 | -0.0577 | -2.38 | 0.877 | 0.469 | 1 | -0.0525 | -0.0631 | 98.9 | 0.087 |
| 30 | 0 | 0.1 | 857 | -0.0782 | -2.48 | 0.838 | 0.461 | 1 | -0.0583 | -0.0979 | 82.4 | 0.088 |
| 30 | 0.1 | 0 | 1227 | -0.0681 | -2.56 | 0.858 | 0.468 | 0 | -0.0471 | -0.0887 | 93.2 | 0.091 |
| 30 | 0.1 | 0.1 | 660 | -0.0573 | -1.59 | 0.879 | 0.477 | 2 | -0.0329 | -0.0816 | 51.8 | 0.09 |
| 30 | 0.2 | 0 | 1044 | -0.0844 | -2.9 | 0.829 | 0.458 | 0 | -0.063 | -0.105 | 94.6 | 0.094 |
| 30 | 0.2 | 0.1 | 516 | -0.0626 | -1.52 | 0.87 | 0.467 | 3 | -0.036 | -0.0896 | 47.3 | 0.091 |
| 30 | 0.3 | 0 | 849 | -0.0943 | -2.9 | 0.813 | 0.455 | 1 | -0.0504 | -0.1366 | 85.8 | 0.098 |
| 30 | 0.3 | 0.1 | 405 | -0.08 | -1.72 | 0.837 | 0.457 | 2 | -0.0584 | -0.1047 | 51.8 | 0.094 |
| 60 | 0 | 0 | 1294 | -0.0727 | -2.85 | 0.847 | 0.46 | 1 | -0.0678 | -0.0777 | 111.4 | 0.088 |
| 60 | 0 | 0.1 | 715 | -0.0852 | -2.49 | 0.822 | 0.462 | 2 | -0.0784 | -0.0922 | 73.9 | 0.086 |
| 60 | 0.1 | 0 | 1078 | -0.0911 | -3.23 | 0.814 | 0.459 | 1 | -0.0649 | -0.1167 | 106.5 | 0.091 |
| 60 | 0.1 | 0.1 | 548 | -0.0676 | -1.72 | 0.857 | 0.474 | 2 | -0.0401 | -0.0977 | 54 | 0.09 |
| 60 | 0.2 | 0 | 897 | -0.0951 | -3.05 | 0.809 | 0.455 | 2 | -0.0709 | -0.1185 | 89.9 | 0.095 |
| 60 | 0.2 | 0.1 | 421 | -0.0588 | -1.29 | 0.877 | 0.477 | 4 | -0.0335 | -0.0867 | 41 | 0.091 |
| 60 | 0.3 | 0 | 698 | -0.1136 | -3.2 | 0.778 | 0.448 | 1 | -0.0775 | -0.1495 | 89 | 0.098 |
| 60 | 0.3 | 0.1 | 329 | -0.1023 | -1.98 | 0.797 | 0.453 | 2 | -0.0567 | -0.1547 | 47.4 | 0.093 |

### T1_asia0-8 / sl1W

| tf | buf_k | buf_atr | n | avg_R | t_stat | PF | win_rate | yrs_pos | L_avg | S_avg | maxDD_R | cost_R |
|---|---|---|---|---|---|---|---|---|---|---|---|---|
| 5 | 0 | 0 | 1563 | -0.0132 | -0.41 | 0.973 | 0.4 | 3 | -0.0185 | -0.0079 | 33.3 | 0.076 |
| 5 | 0 | 0.1 | 964 | -0.053 | -1.33 | 0.896 | 0.395 | 1 | -0.0589 | -0.0471 | 61.2 | 0.079 |
| 5 | 0.1 | 0 | 1320 | -0.0121 | -0.33 | 0.976 | 0.399 | 4 | -0.0406 | 0.0158 | 32 | 0.08 |
| 5 | 0.1 | 0.1 | 773 | -0.0771 | -1.71 | 0.855 | 0.393 | 2 | -0.0552 | -0.0973 | 70.5 | 0.08 |
| 5 | 0.2 | 0 | 1081 | -0.0264 | -0.65 | 0.95 | 0.4 | 3 | -0.055 | 0.0019 | 43.2 | 0.083 |
| 5 | 0.2 | 0.1 | 600 | -0.0598 | -1.12 | 0.89 | 0.373 | 3 | -0.0423 | -0.0771 | 56.5 | 0.082 |
| 5 | 0.3 | 0 | 880 | -0.0641 | -1.44 | 0.883 | 0.383 | 1 | -0.0684 | -0.0598 | 67.2 | 0.087 |
| 5 | 0.3 | 0.1 | 484 | -0.0857 | -1.43 | 0.847 | 0.351 | 4 | -0.0514 | -0.1212 | 49.6 | 0.085 |
| 15 | 0 | 0 | 1444 | 0.0002 | 0.01 | 1 | 0.4 | 4 | -0.0017 | 0.0021 | 35.5 | 0.076 |
| 15 | 0 | 0.1 | 863 | -0.0478 | -1.13 | 0.906 | 0.4 | 2 | -0.0654 | -0.0301 | 53.1 | 0.079 |
| 15 | 0.1 | 0 | 1199 | -0.0063 | -0.17 | 0.987 | 0.406 | 2 | -0.0355 | 0.0225 | 38 | 0.08 |
| 15 | 0.1 | 0.1 | 681 | -0.0563 | -1.15 | 0.893 | 0.389 | 3 | -0.0601 | -0.0525 | 55.6 | 0.08 |
| 15 | 0.2 | 0 | 983 | -0.0397 | -0.93 | 0.926 | 0.387 | 2 | -0.0726 | -0.0083 | 52.8 | 0.085 |
| 15 | 0.2 | 0.1 | 518 | -0.0489 | -0.83 | 0.911 | 0.375 | 4 | -0.0331 | -0.0649 | 50.6 | 0.082 |
| 15 | 0.3 | 0 | 790 | -0.0652 | -1.4 | 0.881 | 0.38 | 1 | -0.047 | -0.0829 | 54.6 | 0.087 |
| 15 | 0.3 | 0.1 | 410 | -0.0873 | -1.31 | 0.847 | 0.354 | 3 | -0.0459 | -0.1298 | 46.2 | 0.086 |
| 30 | 0 | 0 | 1313 | 0 | 0 | 1 | 0.398 | 4 | -0.0242 | 0.024 | 31 | 0.078 |
| 30 | 0 | 0.1 | 755 | -0.0496 | -1.08 | 0.904 | 0.387 | 3 | -0.0728 | -0.027 | 48.6 | 0.079 |
| 30 | 0.1 | 0 | 1076 | -0.024 | -0.6 | 0.954 | 0.391 | 2 | -0.0761 | 0.0276 | 40.9 | 0.082 |
| 30 | 0.1 | 0.1 | 574 | -0.0657 | -1.23 | 0.877 | 0.378 | 4 | -0.0559 | -0.0755 | 54.4 | 0.08 |
| 30 | 0.2 | 0 | 882 | -0.0509 | -1.12 | 0.907 | 0.37 | 2 | -0.0844 | -0.0192 | 47.5 | 0.085 |
| 30 | 0.2 | 0.1 | 436 | -0.068 | -1.07 | 0.876 | 0.365 | 4 | -0.0681 | -0.0679 | 51.8 | 0.082 |
| 30 | 0.3 | 0 | 692 | -0.0517 | -1.02 | 0.906 | 0.374 | 3 | -0.0404 | -0.0627 | 41.4 | 0.088 |
| 30 | 0.3 | 0.1 | 356 | -0.086 | -1.23 | 0.846 | 0.36 | 3 | -0.0858 | -0.0863 | 46.8 | 0.082 |
| 60 | 0 | 0 | 1120 | 0.0006 | 0.02 | 1.001 | 0.394 | 6 | -0.0426 | 0.0448 | 30.5 | 0.079 |
| 60 | 0 | 0.1 | 588 | -0.0517 | -1.01 | 0.899 | 0.388 | 3 | -0.0655 | -0.0382 | 47 | 0.078 |
| 60 | 0.1 | 0 | 912 | -0.0329 | -0.76 | 0.937 | 0.385 | 2 | -0.0685 | 0.002 | 33.3 | 0.082 |
| 60 | 0.1 | 0.1 | 441 | -0.0446 | -0.72 | 0.916 | 0.383 | 4 | -0.0539 | -0.0349 | 42.5 | 0.08 |
| 60 | 0.2 | 0 | 700 | -0.0367 | -0.71 | 0.933 | 0.371 | 2 | -0.08 | 0.0046 | 30.8 | 0.085 |
| 60 | 0.2 | 0.1 | 347 | -0.108 | -1.55 | 0.809 | 0.357 | 3 | -0.0683 | -0.1523 | 51.3 | 0.081 |
| 60 | 0.3 | 0 | 531 | -0.0418 | -0.7 | 0.925 | 0.375 | 4 | -0.0537 | -0.0297 | 41 | 0.089 |
| 60 | 0.3 | 0.1 | 269 | -0.1128 | -1.42 | 0.803 | 0.361 | 2 | -0.063 | -0.1711 | 40.3 | 0.082 |

### T1_asia0-8 / slOpp

| tf | buf_k | buf_atr | n | avg_R | t_stat | PF | win_rate | yrs_pos | L_avg | S_avg | maxDD_R | cost_R |
|---|---|---|---|---|---|---|---|---|---|---|---|---|
| 5 | 0 | 0 | 1563 | -0.0151 | -0.51 | 0.967 | 0.415 | 4 | -0.0283 | -0.0018 | 37.1 | 0.068 |
| 5 | 0 | 0.1 | 964 | -0.0178 | -0.68 | 0.945 | 0.451 | 2 | -0.0335 | -0.0019 | 25.8 | 0.047 |
| 5 | 0.1 | 0 | 1320 | -0.0145 | -0.5 | 0.964 | 0.433 | 4 | -0.0446 | 0.015 | 29.6 | 0.059 |
| 5 | 0.1 | 0.1 | 773 | -0.0314 | -1.18 | 0.896 | 0.459 | 2 | -0.0399 | -0.0235 | 30.5 | 0.043 |
| 5 | 0.2 | 0 | 1081 | -0.0196 | -0.69 | 0.947 | 0.447 | 3 | -0.0461 | 0.0066 | 30.7 | 0.054 |
| 5 | 0.2 | 0.1 | 600 | -0.022 | -0.75 | 0.923 | 0.443 | 4 | -0.0364 | -0.0078 | 24.4 | 0.04 |
| 5 | 0.3 | 0 | 880 | -0.0321 | -1.13 | 0.906 | 0.45 | 2 | -0.0431 | -0.0214 | 34.4 | 0.05 |
| 5 | 0.3 | 0.1 | 484 | -0.032 | -1.03 | 0.883 | 0.434 | 4 | -0.0462 | -0.0174 | 23.6 | 0.036 |
| 15 | 0 | 0 | 1444 | -0.0092 | -0.31 | 0.979 | 0.415 | 4 | -0.0212 | 0.0026 | 32.6 | 0.066 |
| 15 | 0 | 0.1 | 863 | -0.009 | -0.33 | 0.971 | 0.459 | 2 | -0.028 | 0.0102 | 18.7 | 0.046 |
| 15 | 0.1 | 0 | 1199 | -0.0127 | -0.44 | 0.968 | 0.438 | 3 | -0.0399 | 0.0142 | 33.1 | 0.059 |
| 15 | 0.1 | 0.1 | 681 | -0.0309 | -1.09 | 0.898 | 0.449 | 2 | -0.0486 | -0.0136 | 31 | 0.042 |
| 15 | 0.2 | 0 | 983 | -0.0283 | -0.96 | 0.923 | 0.436 | 3 | -0.0618 | 0.0038 | 37 | 0.054 |
| 15 | 0.2 | 0.1 | 518 | -0.0241 | -0.76 | 0.916 | 0.442 | 4 | -0.037 | -0.011 | 23.7 | 0.038 |
| 15 | 0.3 | 0 | 790 | -0.0322 | -1.08 | 0.905 | 0.448 | 2 | -0.0344 | -0.03 | 28.5 | 0.049 |
| 15 | 0.3 | 0.1 | 410 | -0.0457 | -1.35 | 0.837 | 0.432 | 3 | -0.0501 | -0.041 | 25.2 | 0.036 |
| 30 | 0 | 0 | 1313 | -0.0074 | -0.24 | 0.983 | 0.416 | 4 | -0.0395 | 0.0243 | 28.5 | 0.065 |
| 30 | 0 | 0.1 | 755 | -0.017 | -0.59 | 0.946 | 0.445 | 2 | -0.0335 | -0.0009 | 21.7 | 0.046 |
| 30 | 0.1 | 0 | 1076 | -0.0171 | -0.56 | 0.956 | 0.43 | 4 | -0.0627 | 0.0281 | 29.9 | 0.058 |
| 30 | 0.1 | 0.1 | 574 | -0.0339 | -1.09 | 0.888 | 0.443 | 3 | -0.0423 | -0.0255 | 30.2 | 0.041 |
| 30 | 0.2 | 0 | 882 | -0.0368 | -1.19 | 0.901 | 0.421 | 3 | -0.0757 | 0 | 37.1 | 0.053 |
| 30 | 0.2 | 0.1 | 436 | -0.0309 | -0.9 | 0.891 | 0.431 | 4 | -0.0414 | -0.0196 | 26.4 | 0.038 |
| 30 | 0.3 | 0 | 692 | -0.0237 | -0.74 | 0.929 | 0.447 | 3 | -0.0333 | -0.0143 | 19.7 | 0.048 |
| 30 | 0.3 | 0.1 | 356 | -0.0433 | -1.19 | 0.844 | 0.438 | 4 | -0.0562 | -0.0289 | 25.3 | 0.035 |
| 60 | 0 | 0 | 1120 | -0.0018 | -0.06 | 0.996 | 0.421 | 3 | -0.0359 | 0.033 | 27.5 | 0.063 |
| 60 | 0 | 0.1 | 588 | -0.0209 | -0.66 | 0.932 | 0.456 | 3 | -0.0404 | -0.0019 | 22.4 | 0.044 |
| 60 | 0.1 | 0 | 912 | -0.0119 | -0.37 | 0.969 | 0.434 | 3 | -0.0434 | 0.019 | 23.9 | 0.057 |
| 60 | 0.1 | 0.1 | 441 | -0.0192 | -0.54 | 0.935 | 0.46 | 4 | -0.0458 | 0.0085 | 20.9 | 0.041 |
| 60 | 0.2 | 0 | 700 | -0.0208 | -0.6 | 0.942 | 0.431 | 1 | -0.0664 | 0.0228 | 27.3 | 0.052 |
| 60 | 0.2 | 0.1 | 347 | -0.0422 | -1.12 | 0.852 | 0.441 | 3 | -0.0423 | -0.0421 | 23.9 | 0.037 |
| 60 | 0.3 | 0 | 531 | -0.0188 | -0.52 | 0.943 | 0.452 | 3 | -0.0455 | 0.0086 | 17.6 | 0.047 |
| 60 | 0.3 | 0.1 | 269 | -0.0439 | -1.05 | 0.842 | 0.454 | 4 | -0.0372 | -0.0517 | 19.8 | 0.034 |

### T1_asia0-8 / sl1W_tp1

| tf | buf_k | buf_atr | n | avg_R | t_stat | PF | win_rate | yrs_pos | L_avg | S_avg | maxDD_R | cost_R |
|---|---|---|---|---|---|---|---|---|---|---|---|---|
| 5 | 0 | 0 | 1563 | -0.0415 | -1.86 | 0.904 | 0.473 | 2 | -0.0423 | -0.0407 | 72.6 | 0.076 |
| 5 | 0 | 0.1 | 964 | -0.0536 | -1.86 | 0.879 | 0.474 | 1 | -0.0654 | -0.0418 | 65.6 | 0.079 |
| 5 | 0.1 | 0 | 1320 | -0.0559 | -2.28 | 0.874 | 0.47 | 2 | -0.0739 | -0.0383 | 80.7 | 0.08 |
| 5 | 0.1 | 0.1 | 773 | -0.0613 | -1.87 | 0.866 | 0.479 | 1 | -0.0462 | -0.0753 | 59.9 | 0.08 |
| 5 | 0.2 | 0 | 1081 | -0.0511 | -1.84 | 0.888 | 0.478 | 2 | -0.07 | -0.0324 | 64.4 | 0.083 |
| 5 | 0.2 | 0.1 | 600 | -0.068 | -1.81 | 0.854 | 0.463 | 3 | -0.0428 | -0.093 | 55.4 | 0.082 |
| 5 | 0.3 | 0 | 880 | -0.0605 | -1.94 | 0.87 | 0.473 | 2 | -0.0701 | -0.051 | 67.4 | 0.087 |
| 5 | 0.3 | 0.1 | 484 | -0.0954 | -2.3 | 0.801 | 0.45 | 1 | -0.0901 | -0.1009 | 54.8 | 0.085 |
| 15 | 0 | 0 | 1444 | -0.0397 | -1.7 | 0.908 | 0.474 | 2 | -0.0399 | -0.0395 | 65.6 | 0.076 |
| 15 | 0 | 0.1 | 863 | -0.0324 | -1.05 | 0.926 | 0.488 | 3 | -0.0533 | -0.0113 | 47.2 | 0.079 |
| 15 | 0.1 | 0 | 1199 | -0.0347 | -1.34 | 0.92 | 0.486 | 2 | -0.0578 | -0.0119 | 59.9 | 0.08 |
| 15 | 0.1 | 0.1 | 681 | -0.0359 | -1.02 | 0.92 | 0.488 | 3 | -0.0403 | -0.0316 | 38.1 | 0.08 |
| 15 | 0.2 | 0 | 983 | -0.0618 | -2.11 | 0.867 | 0.474 | 2 | -0.0756 | -0.0485 | 79 | 0.085 |
| 15 | 0.2 | 0.1 | 518 | -0.0741 | -1.82 | 0.843 | 0.469 | 3 | -0.0717 | -0.0766 | 48.2 | 0.082 |
| 15 | 0.3 | 0 | 790 | -0.0648 | -1.97 | 0.862 | 0.472 | 2 | -0.0675 | -0.0622 | 65.3 | 0.087 |
| 15 | 0.3 | 0.1 | 410 | -0.1221 | -2.71 | 0.753 | 0.444 | 1 | -0.101 | -0.1438 | 56.4 | 0.086 |
| 30 | 0 | 0 | 1313 | -0.0281 | -1.15 | 0.935 | 0.478 | 2 | -0.032 | -0.0242 | 56.1 | 0.078 |
| 30 | 0 | 0.1 | 755 | -0.0538 | -1.63 | 0.88 | 0.469 | 2 | -0.0774 | -0.0307 | 54.2 | 0.079 |
| 30 | 0.1 | 0 | 1076 | -0.0424 | -1.55 | 0.904 | 0.477 | 2 | -0.0728 | -0.0124 | 70.3 | 0.082 |
| 30 | 0.1 | 0.1 | 574 | -0.0727 | -1.9 | 0.844 | 0.467 | 3 | -0.0711 | -0.0744 | 48.6 | 0.08 |
| 30 | 0.2 | 0 | 882 | -0.0706 | -2.29 | 0.849 | 0.458 | 1 | -0.0856 | -0.0564 | 75.7 | 0.085 |
| 30 | 0.2 | 0.1 | 436 | -0.0817 | -1.85 | 0.827 | 0.459 | 3 | -0.0848 | -0.0783 | 44.7 | 0.082 |
| 30 | 0.3 | 0 | 692 | -0.0623 | -1.77 | 0.867 | 0.465 | 3 | -0.0557 | -0.0687 | 52.2 | 0.088 |
| 30 | 0.3 | 0.1 | 356 | -0.1082 | -2.26 | 0.776 | 0.447 | 0 | -0.1053 | -0.1114 | 44.8 | 0.082 |
| 60 | 0 | 0 | 1120 | -0.0498 | -1.87 | 0.887 | 0.463 | 1 | -0.0804 | -0.0185 | 74.6 | 0.079 |
| 60 | 0 | 0.1 | 588 | -0.0688 | -1.87 | 0.848 | 0.461 | 4 | -0.1097 | -0.0288 | 53.8 | 0.078 |
| 60 | 0.1 | 0 | 912 | -0.0706 | -2.36 | 0.846 | 0.462 | 2 | -0.1153 | -0.0267 | 74.7 | 0.082 |
| 60 | 0.1 | 0.1 | 441 | -0.0799 | -1.86 | 0.829 | 0.463 | 2 | -0.1177 | -0.0405 | 48.6 | 0.08 |
| 60 | 0.2 | 0 | 700 | -0.0896 | -2.58 | 0.813 | 0.451 | 2 | -0.1502 | -0.0318 | 73 | 0.085 |
| 60 | 0.2 | 0.1 | 347 | -0.13 | -2.68 | 0.738 | 0.432 | 2 | -0.1286 | -0.1315 | 54.2 | 0.081 |
| 60 | 0.3 | 0 | 531 | -0.0933 | -2.31 | 0.809 | 0.458 | 3 | -0.1391 | -0.0462 | 59.7 | 0.089 |
| 60 | 0.3 | 0.1 | 269 | -0.1277 | -2.3 | 0.744 | 0.435 | 0 | -0.0981 | -0.1624 | 40.3 | 0.082 |

### T2_ldn7-8 / sl1W

| tf | buf_k | buf_atr | n | avg_R | t_stat | PF | win_rate | yrs_pos | L_avg | S_avg | maxDD_R | cost_R |
|---|---|---|---|---|---|---|---|---|---|---|---|---|
| 5 | 0 | 0 | 1953 | -0.0748 | -1.46 | 0.904 | 0.231 | 1 | -0.0535 | -0.0961 | 165.6 | 0.171 |
| 5 | 0 | 0.1 | 1283 | -0.1347 | -2.26 | 0.833 | 0.217 | 1 | -0.1347 | -0.1347 | 199.1 | 0.177 |
| 5 | 0.1 | 0 | 1858 | -0.096 | -1.86 | 0.878 | 0.227 | 2 | -0.1118 | -0.0799 | 196.2 | 0.174 |
| 5 | 0.1 | 0.1 | 1150 | -0.1216 | -1.87 | 0.85 | 0.214 | 2 | -0.1377 | -0.1067 | 158.8 | 0.182 |
| 5 | 0.2 | 0 | 1742 | -0.0972 | -1.84 | 0.878 | 0.22 | 2 | -0.1146 | -0.0793 | 182.9 | 0.178 |
| 5 | 0.2 | 0.1 | 1042 | -0.1572 | -2.34 | 0.809 | 0.21 | 2 | -0.1556 | -0.1586 | 183 | 0.184 |
| 5 | 0.3 | 0 | 1641 | -0.1 | -1.82 | 0.875 | 0.218 | 2 | -0.108 | -0.092 | 178.3 | 0.183 |
| 5 | 0.3 | 0.1 | 936 | -0.2127 | -3.1 | 0.746 | 0.199 | 0 | -0.1609 | -0.261 | 207.5 | 0.189 |
| 15 | 0 | 0 | 1887 | -0.0821 | -1.62 | 0.895 | 0.232 | 2 | -0.0277 | -0.1349 | 172.4 | 0.173 |
| 15 | 0 | 0.1 | 1162 | -0.2048 | -3.48 | 0.75 | 0.207 | 0 | -0.1682 | -0.2403 | 255.3 | 0.18 |
| 15 | 0.1 | 0 | 1778 | -0.0756 | -1.44 | 0.904 | 0.228 | 2 | -0.0438 | -0.1071 | 157 | 0.177 |
| 15 | 0.1 | 0.1 | 1038 | -0.1914 | -2.99 | 0.766 | 0.208 | 1 | -0.1427 | -0.2371 | 216.3 | 0.183 |
| 15 | 0.2 | 0 | 1643 | -0.0762 | -1.39 | 0.904 | 0.222 | 1 | -0.0456 | -0.1068 | 144.5 | 0.182 |
| 15 | 0.2 | 0.1 | 927 | -0.1807 | -2.62 | 0.779 | 0.208 | 1 | -0.1204 | -0.2367 | 184.7 | 0.185 |
| 15 | 0.3 | 0 | 1523 | -0.095 | -1.66 | 0.883 | 0.216 | 2 | -0.0792 | -0.1105 | 162.3 | 0.187 |
| 15 | 0.3 | 0.1 | 821 | -0.2112 | -2.96 | 0.744 | 0.208 | 1 | -0.0881 | -0.3275 | 185.6 | 0.19 |
| 30 | 0 | 0 | 1790 | -0.0409 | -0.76 | 0.948 | 0.234 | 2 | -0.0656 | -0.0158 | 103.4 | 0.175 |
| 30 | 0 | 0.1 | 1024 | -0.127 | -1.89 | 0.843 | 0.214 | 2 | -0.131 | -0.1232 | 132 | 0.18 |
| 30 | 0.1 | 0 | 1656 | -0.0599 | -1.07 | 0.924 | 0.227 | 2 | -0.0774 | -0.0419 | 106.3 | 0.181 |
| 30 | 0.1 | 0.1 | 902 | -0.1336 | -1.87 | 0.836 | 0.212 | 2 | -0.1068 | -0.1585 | 120.5 | 0.183 |
| 30 | 0.2 | 0 | 1518 | -0.0821 | -1.4 | 0.898 | 0.217 | 2 | -0.1095 | -0.0543 | 132.3 | 0.186 |
| 30 | 0.2 | 0.1 | 805 | -0.1455 | -1.91 | 0.823 | 0.207 | 0 | -0.1053 | -0.1833 | 117.1 | 0.185 |
| 30 | 0.3 | 0 | 1389 | -0.1228 | -2.05 | 0.85 | 0.207 | 1 | -0.0957 | -0.1495 | 179.1 | 0.19 |
| 30 | 0.3 | 0.1 | 703 | -0.1916 | -2.36 | 0.771 | 0.198 | 1 | -0.1207 | -0.258 | 134.7 | 0.191 |
| 60 | 0 | 0 | 1618 | -0.0534 | -0.94 | 0.932 | 0.228 | 2 | -0.0857 | -0.0199 | 96.7 | 0.179 |
| 60 | 0 | 0.1 | 816 | -0.1589 | -2.16 | 0.805 | 0.206 | 1 | -0.1231 | -0.1951 | 129.7 | 0.183 |
| 60 | 0.1 | 0 | 1470 | -0.0748 | -1.25 | 0.907 | 0.219 | 2 | -0.0953 | -0.0533 | 119.8 | 0.185 |
| 60 | 0.1 | 0.1 | 717 | -0.1234 | -1.56 | 0.848 | 0.216 | 1 | -0.0359 | -0.2087 | 96 | 0.185 |
| 60 | 0.2 | 0 | 1335 | -0.0951 | -1.5 | 0.884 | 0.209 | 2 | -0.1154 | -0.0745 | 131.5 | 0.189 |
| 60 | 0.2 | 0.1 | 617 | -0.1435 | -1.64 | 0.827 | 0.207 | 1 | -0.0597 | -0.2244 | 103.8 | 0.19 |
| 60 | 0.3 | 0 | 1205 | -0.0843 | -1.25 | 0.897 | 0.207 | 1 | -0.0891 | -0.0797 | 108 | 0.191 |
| 60 | 0.3 | 0.1 | 538 | -0.2139 | -2.33 | 0.747 | 0.191 | 1 | -0.0693 | -0.3553 | 126.9 | 0.194 |

### T2_ldn7-8 / slOpp

| tf | buf_k | buf_atr | n | avg_R | t_stat | PF | win_rate | yrs_pos | L_avg | S_avg | maxDD_R | cost_R |
|---|---|---|---|---|---|---|---|---|---|---|---|---|
| 5 | 0 | 0 | 1953 | -0.0346 | -0.77 | 0.951 | 0.282 | 4 | -0.0204 | -0.0486 | 125.2 | 0.138 |
| 5 | 0 | 0.1 | 1283 | -0.0303 | -0.94 | 0.936 | 0.408 | 2 | -0.0719 | 0.0109 | 53 | 0.071 |
| 5 | 0.1 | 0 | 1858 | -0.0543 | -1.32 | 0.919 | 0.308 | 2 | -0.0833 | -0.0249 | 119.5 | 0.119 |
| 5 | 0.1 | 0.1 | 1150 | -0.0389 | -1.23 | 0.913 | 0.41 | 3 | -0.0547 | -0.0242 | 59.1 | 0.067 |
| 5 | 0.2 | 0 | 1742 | -0.0338 | -0.86 | 0.946 | 0.332 | 3 | -0.0567 | -0.0103 | 80 | 0.108 |
| 5 | 0.2 | 0.1 | 1042 | -0.0422 | -1.33 | 0.902 | 0.419 | 2 | -0.0623 | -0.0241 | 55.6 | 0.063 |
| 5 | 0.3 | 0 | 1641 | -0.0368 | -0.98 | 0.937 | 0.354 | 3 | -0.0527 | -0.021 | 71 | 0.098 |
| 5 | 0.3 | 0.1 | 936 | -0.0548 | -1.73 | 0.868 | 0.421 | 2 | -0.0617 | -0.0484 | 60.9 | 0.059 |
| 15 | 0 | 0 | 1887 | -0.027 | -0.62 | 0.96 | 0.299 | 3 | -0.0138 | -0.0398 | 97.9 | 0.127 |
| 15 | 0 | 0.1 | 1162 | -0.05 | -1.55 | 0.893 | 0.41 | 2 | -0.0672 | -0.0332 | 67 | 0.069 |
| 15 | 0.1 | 0 | 1778 | -0.0279 | -0.68 | 0.957 | 0.319 | 2 | -0.0393 | -0.0167 | 84.1 | 0.114 |
| 15 | 0.1 | 0.1 | 1038 | -0.0569 | -1.76 | 0.873 | 0.409 | 3 | -0.0627 | -0.0514 | 68.2 | 0.065 |
| 15 | 0.2 | 0 | 1643 | -0.0222 | -0.56 | 0.963 | 0.338 | 3 | -0.0302 | -0.0142 | 71.6 | 0.104 |
| 15 | 0.2 | 0.1 | 927 | -0.0562 | -1.73 | 0.868 | 0.427 | 3 | -0.0543 | -0.0579 | 60.4 | 0.061 |
| 15 | 0.3 | 0 | 1523 | -0.0311 | -0.81 | 0.946 | 0.355 | 4 | -0.0391 | -0.0232 | 76 | 0.096 |
| 15 | 0.3 | 0.1 | 821 | -0.0383 | -1.16 | 0.904 | 0.441 | 3 | -0.035 | -0.0415 | 39.4 | 0.058 |
| 30 | 0 | 0 | 1790 | -0.0052 | -0.12 | 0.992 | 0.312 | 3 | -0.0325 | 0.0224 | 71.8 | 0.122 |
| 30 | 0 | 0.1 | 1024 | -0.0545 | -1.62 | 0.881 | 0.407 | 2 | -0.0677 | -0.0417 | 61.7 | 0.067 |
| 30 | 0.1 | 0 | 1656 | -0.0218 | -0.53 | 0.965 | 0.33 | 3 | -0.0698 | 0.0273 | 71.2 | 0.111 |
| 30 | 0.1 | 0.1 | 902 | -0.0624 | -1.85 | 0.858 | 0.405 | 3 | -0.0661 | -0.0589 | 62.3 | 0.064 |
| 30 | 0.2 | 0 | 1518 | -0.0263 | -0.65 | 0.956 | 0.348 | 5 | -0.0702 | 0.0181 | 62.2 | 0.101 |
| 30 | 0.2 | 0.1 | 805 | -0.0626 | -1.83 | 0.851 | 0.415 | 1 | -0.0607 | -0.0644 | 56.9 | 0.06 |
| 30 | 0.3 | 0 | 1389 | -0.0295 | -0.75 | 0.947 | 0.361 | 4 | -0.0518 | -0.0075 | 56.8 | 0.094 |
| 30 | 0.3 | 0.1 | 703 | -0.0562 | -1.59 | 0.859 | 0.425 | 2 | -0.0434 | -0.0681 | 46.4 | 0.056 |
| 60 | 0 | 0 | 1618 | -0.0049 | -0.11 | 0.992 | 0.323 | 3 | -0.0576 | 0.0498 | 56.9 | 0.116 |
| 60 | 0 | 0.1 | 816 | -0.0496 | -1.39 | 0.887 | 0.415 | 1 | -0.0568 | -0.0423 | 45.2 | 0.065 |
| 60 | 0.1 | 0 | 1470 | -0.0135 | -0.31 | 0.978 | 0.339 | 3 | -0.0719 | 0.0479 | 50.3 | 0.107 |
| 60 | 0.1 | 0.1 | 717 | -0.044 | -1.19 | 0.896 | 0.416 | 2 | -0.0415 | -0.0465 | 38.2 | 0.062 |
| 60 | 0.2 | 0 | 1335 | -0.0195 | -0.46 | 0.966 | 0.357 | 5 | -0.0702 | 0.0323 | 52.4 | 0.097 |
| 60 | 0.2 | 0.1 | 617 | -0.0591 | -1.53 | 0.858 | 0.421 | 3 | -0.0537 | -0.0642 | 42.8 | 0.059 |
| 60 | 0.3 | 0 | 1205 | -0.0138 | -0.33 | 0.975 | 0.371 | 4 | -0.0442 | 0.0161 | 43.1 | 0.089 |
| 60 | 0.3 | 0.1 | 538 | -0.0854 | -2.17 | 0.793 | 0.416 | 1 | -0.0575 | -0.1128 | 50.8 | 0.056 |

### T2_ldn7-8 / sl1W_tp1

| tf | buf_k | buf_atr | n | avg_R | t_stat | PF | win_rate | yrs_pos | L_avg | S_avg | maxDD_R | cost_R |
|---|---|---|---|---|---|---|---|---|---|---|---|---|
| 5 | 0 | 0 | 1953 | -0.1614 | -7.19 | 0.721 | 0.437 | 0 | -0.1492 | -0.1735 | 323.1 | 0.171 |
| 5 | 0 | 0.1 | 1283 | -0.2071 | -7.44 | 0.659 | 0.415 | 0 | -0.21 | -0.2043 | 271.4 | 0.177 |
| 5 | 0.1 | 0 | 1858 | -0.152 | -6.59 | 0.736 | 0.442 | 0 | -0.1663 | -0.1375 | 288 | 0.174 |
| 5 | 0.1 | 0.1 | 1150 | -0.2183 | -7.42 | 0.645 | 0.41 | 0 | -0.22 | -0.2166 | 257.8 | 0.182 |
| 5 | 0.2 | 0 | 1742 | -0.1689 | -7.09 | 0.711 | 0.433 | 0 | -0.1973 | -0.1398 | 297.1 | 0.178 |
| 5 | 0.2 | 0.1 | 1042 | -0.2219 | -7.17 | 0.64 | 0.411 | 0 | -0.2261 | -0.2182 | 241.1 | 0.184 |
| 5 | 0.3 | 0 | 1641 | -0.1616 | -6.57 | 0.722 | 0.436 | 0 | -0.1754 | -0.1478 | 268 | 0.183 |
| 5 | 0.3 | 0.1 | 936 | -0.2395 | -7.35 | 0.617 | 0.402 | 0 | -0.2316 | -0.2469 | 231 | 0.189 |
| 15 | 0 | 0 | 1887 | -0.1433 | -6.26 | 0.749 | 0.446 | 0 | -0.1429 | -0.1437 | 273.3 | 0.173 |
| 15 | 0 | 0.1 | 1162 | -0.2153 | -7.36 | 0.648 | 0.412 | 0 | -0.2297 | -0.2014 | 254.1 | 0.18 |
| 15 | 0.1 | 0 | 1778 | -0.1497 | -6.34 | 0.74 | 0.443 | 0 | -0.1692 | -0.1304 | 270.7 | 0.177 |
| 15 | 0.1 | 0.1 | 1038 | -0.22 | -7.09 | 0.643 | 0.411 | 0 | -0.2293 | -0.2113 | 237.1 | 0.183 |
| 15 | 0.2 | 0 | 1643 | -0.1655 | -6.74 | 0.717 | 0.435 | 0 | -0.1841 | -0.1469 | 274.8 | 0.182 |
| 15 | 0.2 | 0.1 | 927 | -0.2329 | -7.18 | 0.625 | 0.405 | 1 | -0.2386 | -0.2277 | 226.9 | 0.185 |
| 15 | 0.3 | 0 | 1523 | -0.1775 | -6.94 | 0.701 | 0.431 | 0 | -0.1879 | -0.1673 | 274 | 0.187 |
| 15 | 0.3 | 0.1 | 821 | -0.2279 | -6.6 | 0.632 | 0.408 | 0 | -0.1931 | -0.2608 | 197.2 | 0.19 |
| 30 | 0 | 0 | 1790 | -0.1387 | -5.89 | 0.756 | 0.449 | 0 | -0.1583 | -0.1189 | 249.3 | 0.175 |
| 30 | 0 | 0.1 | 1024 | -0.1778 | -5.67 | 0.7 | 0.43 | 0 | -0.1989 | -0.1572 | 192.8 | 0.18 |
| 30 | 0.1 | 0 | 1656 | -0.1418 | -5.79 | 0.752 | 0.447 | 0 | -0.1625 | -0.1206 | 235.8 | 0.181 |
| 30 | 0.1 | 0.1 | 902 | -0.1889 | -5.64 | 0.685 | 0.427 | 0 | -0.1969 | -0.1815 | 179.5 | 0.183 |
| 30 | 0.2 | 0 | 1518 | -0.1671 | -6.54 | 0.714 | 0.436 | 0 | -0.1747 | -0.1594 | 254.6 | 0.186 |
| 30 | 0.2 | 0.1 | 805 | -0.2007 | -5.73 | 0.668 | 0.421 | 0 | -0.1991 | -0.2023 | 175.1 | 0.185 |
| 30 | 0.3 | 0 | 1389 | -0.1842 | -6.89 | 0.691 | 0.428 | 0 | -0.1658 | -0.2024 | 256.9 | 0.19 |
| 30 | 0.3 | 0.1 | 703 | -0.1969 | -5.24 | 0.674 | 0.422 | 0 | -0.1759 | -0.2167 | 150.1 | 0.191 |
| 60 | 0 | 0 | 1618 | -0.1614 | -6.54 | 0.722 | 0.439 | 0 | -0.1779 | -0.1443 | 261.1 | 0.179 |
| 60 | 0 | 0.1 | 816 | -0.1821 | -5.22 | 0.694 | 0.428 | 0 | -0.1929 | -0.1711 | 155.6 | 0.183 |
| 60 | 0.1 | 0 | 1470 | -0.1718 | -6.63 | 0.707 | 0.434 | 0 | -0.1795 | -0.1637 | 252.6 | 0.185 |
| 60 | 0.1 | 0.1 | 717 | -0.1784 | -4.78 | 0.7 | 0.432 | 1 | -0.1637 | -0.1927 | 131.4 | 0.185 |
| 60 | 0.2 | 0 | 1335 | -0.1842 | -6.77 | 0.69 | 0.429 | 0 | -0.1961 | -0.1721 | 247.6 | 0.189 |
| 60 | 0.2 | 0.1 | 617 | -0.1836 | -4.57 | 0.692 | 0.431 | 1 | -0.1621 | -0.2044 | 119.7 | 0.19 |
| 60 | 0.3 | 0 | 1205 | -0.1889 | -6.59 | 0.684 | 0.427 | 0 | -0.1961 | -0.1819 | 229.6 | 0.191 |
| 60 | 0.3 | 0.1 | 538 | -0.1972 | -4.58 | 0.674 | 0.424 | 1 | -0.1454 | -0.2479 | 111 | 0.194 |

### T3_ldn8-13 / sl1W

| tf | buf_k | buf_atr | n | avg_R | t_stat | PF | win_rate | yrs_pos | L_avg | S_avg | maxDD_R | cost_R |
|---|---|---|---|---|---|---|---|---|---|---|---|---|
| 5 | 0 | 0 | 1836 | -0.1037 | -3.83 | 0.784 | 0.373 | 0 | -0.0882 | -0.1194 | 194 | 0.078 |
| 5 | 0 | 0.1 | 1435 | -0.0594 | -2 | 0.868 | 0.405 | 0 | -0.0459 | -0.0728 | 91.7 | 0.08 |
| 5 | 0.1 | 0 | 1688 | -0.1119 | -3.98 | 0.769 | 0.368 | 0 | -0.087 | -0.1362 | 192.4 | 0.08 |
| 5 | 0.1 | 0.1 | 1252 | -0.0376 | -1.17 | 0.914 | 0.419 | 2 | -0.0298 | -0.0454 | 59.1 | 0.082 |
| 5 | 0.2 | 0 | 1511 | -0.0834 | -2.82 | 0.824 | 0.384 | 1 | -0.0815 | -0.0853 | 134.6 | 0.083 |
| 5 | 0.2 | 0.1 | 1105 | -0.0286 | -0.82 | 0.935 | 0.415 | 2 | -0.0348 | -0.0224 | 47 | 0.084 |
| 5 | 0.3 | 0 | 1352 | -0.0542 | -1.7 | 0.882 | 0.396 | 2 | -0.0557 | -0.0526 | 80.7 | 0.085 |
| 5 | 0.3 | 0.1 | 962 | -0.0122 | -0.32 | 0.972 | 0.426 | 5 | -0.0227 | -0.0015 | 39.2 | 0.087 |
| 15 | 0 | 0 | 1748 | -0.076 | -2.83 | 0.832 | 0.39 | 1 | -0.0591 | -0.0932 | 138.2 | 0.079 |
| 15 | 0 | 0.1 | 1323 | -0.0317 | -1.03 | 0.925 | 0.407 | 4 | -0.0002 | -0.0629 | 57.2 | 0.079 |
| 15 | 0.1 | 0 | 1598 | -0.0742 | -2.62 | 0.835 | 0.387 | 1 | -0.0525 | -0.0957 | 124 | 0.08 |
| 15 | 0.1 | 0.1 | 1143 | -0.0187 | -0.55 | 0.956 | 0.423 | 4 | 0.0136 | -0.0509 | 45.8 | 0.082 |
| 15 | 0.2 | 0 | 1412 | -0.072 | -2.44 | 0.84 | 0.387 | 1 | -0.0747 | -0.0693 | 106.6 | 0.083 |
| 15 | 0.2 | 0.1 | 993 | -0.0157 | -0.42 | 0.964 | 0.424 | 4 | -0.0043 | -0.0271 | 36.7 | 0.085 |
| 15 | 0.3 | 0 | 1248 | -0.036 | -1.11 | 0.918 | 0.408 | 3 | -0.0184 | -0.0533 | 53.4 | 0.086 |
| 15 | 0.3 | 0.1 | 876 | -0.0082 | -0.2 | 0.981 | 0.428 | 4 | -0.0139 | -0.0025 | 33.8 | 0.088 |
| 30 | 0 | 0 | 1652 | -0.0677 | -2.47 | 0.846 | 0.397 | 2 | -0.0405 | -0.0953 | 119.3 | 0.08 |
| 30 | 0 | 0.1 | 1190 | -0.0269 | -0.84 | 0.935 | 0.422 | 2 | -0.0156 | -0.0386 | 48.6 | 0.08 |
| 30 | 0.1 | 0 | 1486 | -0.055 | -1.87 | 0.874 | 0.395 | 0 | -0.0295 | -0.0809 | 88.4 | 0.082 |
| 30 | 0.1 | 0.1 | 1030 | -0.0227 | -0.64 | 0.946 | 0.429 | 2 | -0.0088 | -0.037 | 39.5 | 0.083 |
| 30 | 0.2 | 0 | 1277 | -0.0459 | -1.47 | 0.895 | 0.41 | 1 | -0.0237 | -0.068 | 64.1 | 0.085 |
| 30 | 0.2 | 0.1 | 898 | -0.0174 | -0.45 | 0.959 | 0.423 | 2 | -0.0022 | -0.0328 | 35.3 | 0.086 |
| 30 | 0.3 | 0 | 1133 | -0.0323 | -0.96 | 0.926 | 0.416 | 3 | -0.0279 | -0.0368 | 50.1 | 0.087 |
| 30 | 0.3 | 0.1 | 789 | -0.0151 | -0.36 | 0.965 | 0.428 | 3 | -0.0009 | -0.0291 | 37.4 | 0.088 |
| 60 | 0 | 0 | 1435 | -0.0686 | -2.5 | 0.838 | 0.4 | 1 | -0.0382 | -0.098 | 106 | 0.082 |
| 60 | 0 | 0.1 | 993 | -0.0345 | -1.02 | 0.915 | 0.425 | 2 | -0.0066 | -0.0632 | 50.8 | 0.081 |
| 60 | 0.1 | 0 | 1268 | -0.0382 | -1.27 | 0.909 | 0.41 | 3 | -0.0071 | -0.0687 | 58.9 | 0.083 |
| 60 | 0.1 | 0.1 | 854 | -0.0317 | -0.84 | 0.924 | 0.43 | 2 | -0.0013 | -0.0619 | 38.7 | 0.083 |
| 60 | 0.2 | 0 | 1092 | -0.0401 | -1.22 | 0.905 | 0.413 | 3 | 0.0032 | -0.0822 | 57.4 | 0.085 |
| 60 | 0.2 | 0.1 | 728 | -0.0348 | -0.83 | 0.919 | 0.423 | 2 | -0.0184 | -0.0514 | 39.5 | 0.086 |
| 60 | 0.3 | 0 | 958 | -0.0332 | -0.93 | 0.922 | 0.422 | 4 | 0.0021 | -0.0685 | 43.4 | 0.087 |
| 60 | 0.3 | 0.1 | 648 | -0.027 | -0.59 | 0.938 | 0.421 | 3 | -0.0052 | -0.0477 | 32.4 | 0.087 |

### T3_ldn8-13 / slOpp

| tf | buf_k | buf_atr | n | avg_R | t_stat | PF | win_rate | yrs_pos | L_avg | S_avg | maxDD_R | cost_R |
|---|---|---|---|---|---|---|---|---|---|---|---|---|
| 5 | 0 | 0 | 1836 | -0.083 | -3.55 | 0.8 | 0.394 | 1 | -0.0703 | -0.0958 | 155 | 0.066 |
| 5 | 0 | 0.1 | 1435 | -0.0525 | -3.02 | 0.81 | 0.442 | 0 | -0.0417 | -0.063 | 79.5 | 0.045 |
| 5 | 0.1 | 0 | 1688 | -0.0838 | -4 | 0.772 | 0.397 | 1 | -0.0677 | -0.0996 | 144 | 0.058 |
| 5 | 0.1 | 0.1 | 1252 | -0.0425 | -2.51 | 0.826 | 0.454 | 0 | -0.033 | -0.0519 | 55.4 | 0.041 |
| 5 | 0.2 | 0 | 1511 | -0.0742 | -3.78 | 0.774 | 0.417 | 0 | -0.0697 | -0.0786 | 115.4 | 0.052 |
| 5 | 0.2 | 0.1 | 1105 | -0.0295 | -1.79 | 0.865 | 0.454 | 1 | -0.0257 | -0.0334 | 34.8 | 0.037 |
| 5 | 0.3 | 0 | 1352 | -0.0533 | -2.77 | 0.816 | 0.429 | 0 | -0.0488 | -0.0578 | 76.4 | 0.047 |
| 5 | 0.3 | 0.1 | 962 | -0.0187 | -1.12 | 0.906 | 0.47 | 3 | -0.0144 | -0.0232 | 25.5 | 0.036 |
| 15 | 0 | 0 | 1748 | -0.0829 | -3.84 | 0.783 | 0.405 | 0 | -0.0692 | -0.0969 | 148.3 | 0.064 |
| 15 | 0 | 0.1 | 1323 | -0.0442 | -2.55 | 0.826 | 0.435 | 0 | -0.0263 | -0.0617 | 60.8 | 0.044 |
| 15 | 0.1 | 0 | 1598 | -0.076 | -3.78 | 0.776 | 0.409 | 0 | -0.0579 | -0.0939 | 123.7 | 0.056 |
| 15 | 0.1 | 0.1 | 1143 | -0.0322 | -1.85 | 0.859 | 0.455 | 1 | -0.0153 | -0.0491 | 38.8 | 0.04 |
| 15 | 0.2 | 0 | 1412 | -0.0741 | -3.87 | 0.759 | 0.415 | 0 | -0.0755 | -0.0727 | 107.1 | 0.05 |
| 15 | 0.2 | 0.1 | 993 | -0.0227 | -1.34 | 0.889 | 0.464 | 2 | -0.0123 | -0.0332 | 25.4 | 0.037 |
| 15 | 0.3 | 0 | 1248 | -0.0512 | -2.72 | 0.81 | 0.435 | 0 | -0.036 | -0.0663 | 67.5 | 0.045 |
| 15 | 0.3 | 0.1 | 876 | -0.0174 | -1.01 | 0.91 | 0.47 | 2 | -0.0166 | -0.0181 | 22.5 | 0.034 |
| 30 | 0 | 0 | 1652 | -0.0799 | -3.92 | 0.775 | 0.415 | 0 | -0.0524 | -0.1079 | 134.7 | 0.061 |
| 30 | 0 | 0.1 | 1190 | -0.0327 | -1.92 | 0.86 | 0.449 | 2 | -0.0248 | -0.0409 | 43.5 | 0.042 |
| 30 | 0.1 | 0 | 1486 | -0.0578 | -2.91 | 0.814 | 0.421 | 0 | -0.0391 | -0.0767 | 91.2 | 0.053 |
| 30 | 0.1 | 0.1 | 1030 | -0.0261 | -1.53 | 0.877 | 0.458 | 2 | -0.0198 | -0.0325 | 31.6 | 0.038 |
| 30 | 0.2 | 0 | 1277 | -0.0551 | -2.92 | 0.803 | 0.436 | 1 | -0.0398 | -0.0703 | 72.6 | 0.048 |
| 30 | 0.2 | 0.1 | 898 | -0.0199 | -1.15 | 0.898 | 0.454 | 2 | -0.0079 | -0.0319 | 25.7 | 0.035 |
| 30 | 0.3 | 0 | 1133 | -0.038 | -2.05 | 0.847 | 0.447 | 1 | -0.0304 | -0.0456 | 46.2 | 0.044 |
| 30 | 0.3 | 0.1 | 789 | -0.021 | -1.19 | 0.887 | 0.46 | 2 | -0.0127 | -0.0293 | 25 | 0.033 |
| 60 | 0 | 0 | 1435 | -0.0716 | -3.74 | 0.773 | 0.42 | 1 | -0.0451 | -0.0972 | 106.1 | 0.056 |
| 60 | 0 | 0.1 | 993 | -0.0326 | -1.93 | 0.848 | 0.453 | 3 | -0.0163 | -0.0493 | 39.3 | 0.04 |
| 60 | 0.1 | 0 | 1268 | -0.0421 | -2.22 | 0.848 | 0.434 | 1 | -0.0241 | -0.0598 | 56.8 | 0.05 |
| 60 | 0.1 | 0.1 | 854 | -0.0302 | -1.76 | 0.85 | 0.46 | 3 | -0.0131 | -0.0472 | 30 | 0.036 |
| 60 | 0.2 | 0 | 1092 | -0.0474 | -2.55 | 0.813 | 0.438 | 0 | -0.0204 | -0.0737 | 53.9 | 0.045 |
| 60 | 0.2 | 0.1 | 728 | -0.0364 | -2.05 | 0.811 | 0.453 | 2 | -0.0268 | -0.046 | 33.4 | 0.033 |
| 60 | 0.3 | 0 | 958 | -0.038 | -2.06 | 0.835 | 0.451 | 1 | -0.0198 | -0.0561 | 38.7 | 0.041 |
| 60 | 0.3 | 0.1 | 648 | -0.0325 | -1.82 | 0.821 | 0.449 | 2 | -0.0249 | -0.0398 | 28 | 0.032 |

### T3_ldn8-13 / sl1W_tp1

| tf | buf_k | buf_atr | n | avg_R | t_stat | PF | win_rate | yrs_pos | L_avg | S_avg | maxDD_R | cost_R |
|---|---|---|---|---|---|---|---|---|---|---|---|---|
| 5 | 0 | 0 | 1836 | -0.119 | -6.16 | 0.728 | 0.425 | 0 | -0.119 | -0.1191 | 222.4 | 0.078 |
| 5 | 0 | 0.1 | 1435 | -0.0783 | -3.6 | 0.81 | 0.452 | 0 | -0.0762 | -0.0803 | 117 | 0.08 |
| 5 | 0.1 | 0 | 1688 | -0.1292 | -6.43 | 0.708 | 0.418 | 0 | -0.1212 | -0.137 | 222 | 0.08 |
| 5 | 0.1 | 0.1 | 1252 | -0.0459 | -1.97 | 0.884 | 0.471 | 0 | -0.0479 | -0.0439 | 61.8 | 0.082 |
| 5 | 0.2 | 0 | 1511 | -0.0998 | -4.65 | 0.768 | 0.437 | 0 | -0.0972 | -0.1024 | 156.9 | 0.083 |
| 5 | 0.2 | 0.1 | 1105 | -0.0448 | -1.79 | 0.887 | 0.469 | 1 | -0.0597 | -0.0294 | 52.9 | 0.084 |
| 5 | 0.3 | 0 | 1352 | -0.078 | -3.42 | 0.815 | 0.447 | 0 | -0.0859 | -0.0701 | 110.7 | 0.085 |
| 5 | 0.3 | 0.1 | 962 | -0.04 | -1.49 | 0.899 | 0.476 | 3 | -0.059 | -0.0205 | 53.1 | 0.087 |
| 15 | 0 | 0 | 1748 | -0.0893 | -4.6 | 0.782 | 0.436 | 1 | -0.0794 | -0.0996 | 161.9 | 0.079 |
| 15 | 0 | 0.1 | 1323 | -0.0634 | -2.86 | 0.838 | 0.447 | 1 | -0.0646 | -0.0622 | 88 | 0.079 |
| 15 | 0.1 | 0 | 1598 | -0.0881 | -4.34 | 0.785 | 0.434 | 1 | -0.0786 | -0.0976 | 147.7 | 0.08 |
| 15 | 0.1 | 0.1 | 1143 | -0.0502 | -2.08 | 0.872 | 0.464 | 2 | -0.0508 | -0.0495 | 63.4 | 0.082 |
| 15 | 0.2 | 0 | 1412 | -0.0797 | -3.65 | 0.806 | 0.436 | 1 | -0.0933 | -0.0661 | 117.6 | 0.083 |
| 15 | 0.2 | 0.1 | 993 | -0.0528 | -2.03 | 0.866 | 0.465 | 2 | -0.0725 | -0.033 | 58.3 | 0.085 |
| 15 | 0.3 | 0 | 1248 | -0.0545 | -2.34 | 0.863 | 0.454 | 1 | -0.0689 | -0.0404 | 72.7 | 0.086 |
| 15 | 0.3 | 0.1 | 876 | -0.0447 | -1.59 | 0.888 | 0.475 | 3 | -0.0878 | -0.0009 | 56.3 | 0.088 |
| 30 | 0 | 0 | 1652 | -0.0851 | -4.31 | 0.788 | 0.439 | 1 | -0.0811 | -0.0891 | 142.4 | 0.08 |
| 30 | 0 | 0.1 | 1190 | -0.053 | -2.29 | 0.861 | 0.461 | 1 | -0.0816 | -0.0235 | 68.3 | 0.08 |
| 30 | 0.1 | 0 | 1486 | -0.081 | -3.9 | 0.796 | 0.439 | 1 | -0.0844 | -0.0775 | 127.1 | 0.082 |
| 30 | 0.1 | 0.1 | 1030 | -0.0489 | -1.94 | 0.873 | 0.471 | 1 | -0.0763 | -0.0208 | 57.4 | 0.083 |
| 30 | 0.2 | 0 | 1277 | -0.0625 | -2.75 | 0.842 | 0.453 | 2 | -0.0729 | -0.0522 | 85.8 | 0.085 |
| 30 | 0.2 | 0.1 | 898 | -0.0466 | -1.72 | 0.879 | 0.469 | 2 | -0.0803 | -0.0125 | 57 | 0.086 |
| 30 | 0.3 | 0 | 1133 | -0.0556 | -2.29 | 0.859 | 0.461 | 2 | -0.0951 | -0.0156 | 68.7 | 0.087 |
| 30 | 0.3 | 0.1 | 789 | -0.0446 | -1.52 | 0.886 | 0.477 | 3 | -0.0785 | -0.0108 | 60.8 | 0.088 |
| 60 | 0 | 0 | 1435 | -0.0894 | -4.3 | 0.773 | 0.434 | 0 | -0.0911 | -0.0878 | 135.4 | 0.082 |
| 60 | 0 | 0.1 | 993 | -0.0517 | -2.06 | 0.862 | 0.462 | 2 | -0.0569 | -0.0463 | 60.9 | 0.081 |
| 60 | 0.1 | 0 | 1268 | -0.0689 | -3.1 | 0.821 | 0.447 | 0 | -0.0672 | -0.0706 | 94.5 | 0.083 |
| 60 | 0.1 | 0.1 | 854 | -0.0556 | -2.02 | 0.856 | 0.47 | 2 | -0.0482 | -0.0629 | 53.1 | 0.083 |
| 60 | 0.2 | 0 | 1092 | -0.0617 | -2.54 | 0.84 | 0.453 | 2 | -0.0573 | -0.0659 | 74.9 | 0.085 |
| 60 | 0.2 | 0.1 | 728 | -0.0679 | -2.25 | 0.829 | 0.464 | 2 | -0.0728 | -0.0629 | 60.3 | 0.086 |
| 60 | 0.3 | 0 | 958 | -0.0492 | -1.88 | 0.872 | 0.467 | 2 | -0.058 | -0.0405 | 54.8 | 0.087 |
| 60 | 0.3 | 0.1 | 648 | -0.0574 | -1.78 | 0.854 | 0.466 | 2 | -0.0557 | -0.059 | 53.7 | 0.087 |