
### T0_asia0-7

| mode | exit | buf_k | buf_atr | n | avg_R | t_stat | PF | yrs_pos | L_avg | S_avg | first_avg | rev_n | rev_avg | rev_t | rev_yrs |
|---|---|---|---|---|---|---|---|---|---|---|---|---|---|---|---|
| stop | sl1W | 0 | 0 | 2104 | 0.0003 | 0.01 | 1 | 3 | -0.0239 | 0.0265 | 0.0078 | 276 | -0.0496 | -0.5 | 3 |
| stop | sl1W | 0 | 0.1 | 1339 | -0.0163 | -0.41 | 0.971 | 4 | -0.0014 | -0.0324 | -0.0128 | 45 | -0.1172 | -0.58 | 3 |
| stop | sl1W | 0.1 | 0 | 1847 | -0.0041 | -0.12 | 0.993 | 4 | -0.0232 | 0.0168 | 0.0118 | 184 | -0.1474 | -1.23 | 2 |
| stop | sl1W | 0.1 | 0.1 | 1102 | -0.0201 | -0.45 | 0.965 | 4 | 0.0076 | -0.0485 | -0.0153 | 23 | -0.2434 | -0.92 | 3 |
| stop | sl1W | 0.2 | 0 | 1566 | -0.0144 | -0.38 | 0.975 | 2 | -0.0329 | 0.0056 | 0.0103 | 115 | -0.3264 | -2.32 | 0 |
| stop | sl1W | 0.2 | 0.1 | 912 | -0.0462 | -0.94 | 0.921 | 5 | 0.018 | -0.1133 | -0.0407 | 13 | -0.4276 | -1.44 | 2 |
| stop | sl1W | 0.3 | 0 | 1305 | -0.0308 | -0.75 | 0.947 | 3 | -0.0467 | -0.0137 | -0.0105 | 70 | -0.3889 | -2.58 | 2 |
| stop | sl1W | 0.3 | 0.1 | 734 | -0.0775 | -1.4 | 0.872 | 4 | 0.0128 | -0.1693 | -0.0737 | 8 | -0.423 | -1.16 | 1 |
| stop | sl0.5W | 0 | 0 | 2104 | -0.0806 | -1.66 | 0.899 | 3 | -0.0728 | -0.089 | -0.0376 | 276 | -0.3653 | -2.83 | 2 |
| stop | sl0.5W | 0 | 0.1 | 1339 | -0.1966 | -3.55 | 0.758 | 1 | -0.1297 | -0.2687 | -0.1811 | 45 | -0.6408 | -3.33 | 2 |
| stop | sl0.5W | 0.1 | 0 | 1847 | -0.1006 | -1.98 | 0.875 | 3 | -0.0893 | -0.113 | -0.0635 | 184 | -0.4359 | -2.91 | 1 |
| stop | sl0.5W | 0.1 | 0.1 | 1102 | -0.1338 | -2 | 0.834 | 0 | -0.0495 | -0.2203 | -0.1238 | 23 | -0.6028 | -2.34 | 2 |
| stop | sl0.5W | 0.2 | 0 | 1566 | -0.1583 | -2.91 | 0.807 | 1 | -0.1295 | -0.1895 | -0.1223 | 115 | -0.6121 | -4.17 | 1 |
| stop | sl0.5W | 0.2 | 0.1 | 912 | -0.1833 | -2.64 | 0.777 | 1 | -0.1185 | -0.2511 | -0.1753 | 13 | -0.7383 | -2.29 | 1 |
| stop | sl0.5W | 0.3 | 0 | 1305 | -0.1143 | -1.84 | 0.86 | 3 | -0.0408 | -0.193 | -0.0984 | 70 | -0.3957 | -1.61 | 1 |
| stop | sl0.5W | 0.3 | 0.1 | 734 | -0.2047 | -2.53 | 0.757 | 0 | -0.0993 | -0.3119 | -0.2008 | 8 | -0.5669 | -1.14 | 1 |
| stop | slOpp | 0 | 0 | 2104 | -0.0048 | -0.15 | 0.991 | 3 | -0.0291 | 0.0214 | 0.0023 | 276 | -0.052 | -0.53 | 2 |
| stop | slOpp | 0 | 0.1 | 1339 | -0.0113 | -0.43 | 0.97 | 4 | -0.0108 | -0.0119 | -0.0116 | 45 | -0.0013 | -0.01 | 5 |
| stop | slOpp | 0.1 | 0 | 1847 | -0.0096 | -0.33 | 0.98 | 3 | -0.0448 | 0.029 | -0.0048 | 184 | -0.0531 | -0.5 | 3 |
| stop | slOpp | 0.1 | 0.1 | 1102 | -0.0073 | -0.28 | 0.979 | 3 | -0.0021 | -0.0127 | -0.0043 | 23 | -0.148 | -0.98 | 3 |
| stop | slOpp | 0.2 | 0 | 1566 | -0.016 | -0.55 | 0.964 | 2 | -0.0484 | 0.0192 | -0.0117 | 115 | -0.0697 | -0.58 | 2 |
| stop | slOpp | 0.2 | 0.1 | 912 | -0.0299 | -1.1 | 0.909 | 2 | -0.0275 | -0.0323 | -0.0263 | 13 | -0.2764 | -1.56 | 2 |
| stop | slOpp | 0.3 | 0 | 1305 | -0.0041 | -0.14 | 0.99 | 3 | -0.0067 | -0.0013 | 0.0045 | 70 | -0.1551 | -1.24 | 3 |
| stop | slOpp | 0.3 | 0.1 | 734 | -0.0234 | -0.82 | 0.923 | 2 | -0.0157 | -0.0312 | -0.0203 | 8 | -0.306 | -1.32 | 1 |
| conf15 | sl1W | 0 | 0 | 1665 | -0.0265 | -0.76 | 0.952 | 3 | -0.0397 | -0.0129 | -0.0211 | 100 | -0.1114 | -0.76 | 3 |
| conf15 | sl1W | 0 | 0.1 | 973 | -0.0203 | -0.44 | 0.964 | 5 | 0.0514 | -0.09 | -0.0181 | 7 | -0.3215 | -0.79 | 2 |
| conf15 | sl1W | 0.1 | 0 | 1391 | -0.022 | -0.57 | 0.961 | 2 | -0.0316 | -0.0126 | -0.0155 | 53 | -0.1863 | -1 | 3 |
| conf15 | sl1W | 0.1 | 0.1 | 763 | -0.0337 | -0.65 | 0.941 | 4 | 0.0269 | -0.0928 | -0.0337 | 5 | -0.0303 | -0.06 | 2 |
| conf15 | sl1W | 0.2 | 0 | 1170 | -0.0119 | -0.27 | 0.979 | 4 | -0.0014 | -0.0221 | -0.0082 | 30 | -0.1551 | -0.56 | 3 |
| conf15 | sl1W | 0.2 | 0.1 | 609 | -0.0666 | -1.13 | 0.887 | 4 | 0.0045 | -0.1353 | -0.0619 | 3 | -1.0286 | -139.16 | 0 |
| conf15 | sl1W | 0.3 | 0 | 977 | -0.0456 | -0.96 | 0.923 | 2 | 0.0303 | -0.1162 | -0.0487 | 15 | 0.1508 | 0.3 | 3 |
| conf15 | sl1W | 0.3 | 0.1 | 480 | -0.0666 | -0.98 | 0.888 | 3 | 0.0318 | -0.17 | -0.0625 | 2 | -1.0312 | -86.06 | 0 |
| conf15 | sl0.5W | 0 | 0 | 1665 | -0.1283 | -2.45 | 0.84 | 1 | -0.06 | -0.1984 | -0.1073 | 100 | -0.4573 | -2.57 | 2 |
| conf15 | sl0.5W | 0 | 0.1 | 973 | -0.1204 | -1.8 | 0.846 | 1 | 0.0254 | -0.2624 | -0.1174 | 7 | -0.5312 | -0.99 | 1 |
| conf15 | sl0.5W | 0.1 | 0 | 1391 | -0.1409 | -2.44 | 0.826 | 0 | -0.0562 | -0.2238 | -0.1353 | 53 | -0.2828 | -0.99 | 1 |
| conf15 | sl0.5W | 0.1 | 0.1 | 763 | -0.1761 | -2.52 | 0.78 | 0 | -0.0882 | -0.2619 | -0.1752 | 5 | -0.3042 | -0.4 | 1 |
| conf15 | sl0.5W | 0.2 | 0 | 1170 | -0.1517 | -2.39 | 0.815 | 0 | -0.0633 | -0.2376 | -0.1444 | 30 | -0.4281 | -1.07 | 2 |
| conf15 | sl0.5W | 0.2 | 0.1 | 609 | -0.164 | -1.84 | 0.802 | 2 | -0.0225 | -0.3004 | -0.1595 | 3 | -1.0572 | -71.51 | 0 |
| conf15 | sl0.5W | 0.3 | 0 | 977 | -0.1464 | -2.06 | 0.822 | 0 | -0.0308 | -0.254 | -0.1475 | 15 | -0.0725 | -0.09 | 2 |
| conf15 | sl0.5W | 0.3 | 0.1 | 480 | -0.1594 | -1.54 | 0.809 | 2 | 0.0917 | -0.4234 | -0.1556 | 2 | -1.0624 | -44.33 | 0 |
| conf15 | slOpp | 0 | 0 | 1665 | -0.0225 | -0.73 | 0.955 | 3 | -0.0338 | -0.0108 | -0.0242 | 100 | 0.0041 | 0.03 | 4 |
| conf15 | slOpp | 0 | 0.1 | 973 | -0.0045 | -0.16 | 0.987 | 4 | 0.0247 | -0.033 | -0.0024 | 7 | -0.3024 | -1.08 | 1 |
| conf15 | slOpp | 0.1 | 0 | 1391 | -0.0172 | -0.57 | 0.962 | 3 | -0.0266 | -0.0079 | -0.0164 | 53 | -0.0358 | -0.25 | 4 |
| conf15 | slOpp | 0.1 | 0.1 | 763 | -0.0146 | -0.5 | 0.954 | 3 | -0.0104 | -0.0188 | -0.0145 | 5 | -0.0328 | -0.11 | 2 |
| conf15 | slOpp | 0.2 | 0 | 1170 | -0.0117 | -0.39 | 0.971 | 3 | -0.0033 | -0.0199 | -0.01 | 30 | -0.079 | -0.43 | 4 |
| conf15 | slOpp | 0.2 | 0.1 | 609 | -0.0222 | -0.7 | 0.928 | 4 | -0.0128 | -0.0312 | -0.0211 | 3 | -0.2347 | -0.57 | 1 |
| conf15 | slOpp | 0.3 | 0 | 977 | -0.027 | -0.88 | 0.929 | 3 | 0.0019 | -0.0539 | -0.0295 | 15 | 0.1353 | 0.46 | 4 |
| conf15 | slOpp | 0.3 | 0.1 | 480 | -0.0313 | -0.92 | 0.894 | 3 | -0.0058 | -0.058 | -0.0301 | 2 | -0.3173 | -0.46 | 1 |

### T1_asia0-8

| mode | exit | buf_k | buf_atr | n | avg_R | t_stat | PF | yrs_pos | L_avg | S_avg | first_avg | rev_n | rev_avg | rev_t | rev_yrs |
|---|---|---|---|---|---|---|---|---|---|---|---|---|---|---|---|
| stop | sl1W | 0 | 0 | 1945 | -0.0074 | -0.26 | 0.985 | 4 | -0.0209 | 0.0069 | 0.0097 | 200 | -0.157 | -1.84 | 2 |
| stop | sl1W | 0 | 0.1 | 1228 | -0.0339 | -0.93 | 0.933 | 1 | -0.0422 | -0.025 | -0.0246 | 36 | -0.3399 | -1.71 | 2 |
| stop | sl1W | 0.1 | 0 | 1663 | -0.0202 | -0.64 | 0.96 | 4 | -0.0393 | 0.0003 | 0.0006 | 122 | -0.2824 | -2.53 | 2 |
| stop | sl1W | 0.1 | 0.1 | 995 | -0.0476 | -1.17 | 0.908 | 2 | -0.0495 | -0.0456 | -0.0407 | 18 | -0.4232 | -1.4 | 2 |
| stop | sl1W | 0.2 | 0 | 1381 | -0.033 | -0.93 | 0.937 | 2 | -0.058 | -0.0068 | -0.0092 | 79 | -0.4245 | -2.97 | 2 |
| stop | sl1W | 0.2 | 0.1 | 803 | -0.0994 | -2.21 | 0.819 | 2 | -0.0662 | -0.1325 | -0.0922 | 9 | -0.7337 | -2.51 | 0 |
| stop | sl1W | 0.3 | 0 | 1123 | -0.0385 | -0.96 | 0.928 | 2 | -0.0772 | 0.002 | -0.0254 | 40 | -0.393 | -1.99 | 2 |
| stop | sl1W | 0.3 | 0.1 | 634 | -0.0933 | -1.79 | 0.834 | 2 | -0.0331 | -0.153 | -0.0888 | 3 | -1.0247 | -266.82 | 0 |
| stop | sl0.5W | 0 | 0 | 1945 | -0.0733 | -1.6 | 0.903 | 2 | -0.0803 | -0.0658 | -0.0327 | 200 | -0.4275 | -3.68 | 1 |
| stop | sl0.5W | 0 | 0.1 | 1228 | -0.1442 | -2.62 | 0.811 | 1 | -0.1389 | -0.1498 | -0.1297 | 36 | -0.6224 | -2.99 | 2 |
| stop | sl0.5W | 0.1 | 0 | 1663 | -0.1451 | -3.04 | 0.812 | 1 | -0.1534 | -0.1361 | -0.1149 | 122 | -0.5262 | -3.71 | 1 |
| stop | sl0.5W | 0.1 | 0.1 | 995 | -0.1361 | -2.22 | 0.822 | 1 | -0.0961 | -0.1773 | -0.1246 | 18 | -0.7587 | -3.4 | 1 |
| stop | sl0.5W | 0.2 | 0 | 1381 | -0.1601 | -3.01 | 0.796 | 1 | -0.1326 | -0.1889 | -0.1351 | 79 | -0.5732 | -3.22 | 1 |
| stop | sl0.5W | 0.2 | 0.1 | 803 | -0.2108 | -3.07 | 0.736 | 0 | -0.1199 | -0.3015 | -0.2012 | 9 | -1.0576 | -153.37 | 0 |
| stop | sl0.5W | 0.3 | 0 | 1123 | -0.1149 | -1.9 | 0.852 | 2 | -0.092 | -0.139 | -0.1115 | 40 | -0.2082 | -0.66 | 2 |
| stop | sl0.5W | 0.3 | 0.1 | 634 | -0.1731 | -2.14 | 0.784 | 2 | -0.0103 | -0.335 | -0.169 | 3 | -1.0495 | -136.63 | 0 |
| stop | slOpp | 0 | 0 | 1945 | -0.0116 | -0.4 | 0.977 | 4 | -0.0258 | 0.0036 | 0.0057 | 200 | -0.1618 | -1.92 | 1 |
| stop | slOpp | 0 | 0.1 | 1228 | -0.0158 | -0.64 | 0.954 | 2 | -0.0264 | -0.0045 | -0.0099 | 36 | -0.2127 | -1.63 | 3 |
| stop | slOpp | 0.1 | 0 | 1663 | -0.0244 | -0.89 | 0.945 | 4 | -0.0495 | 0.0026 | -0.0085 | 122 | -0.2244 | -2.23 | 1 |
| stop | slOpp | 0.1 | 0.1 | 995 | -0.0186 | -0.75 | 0.94 | 1 | -0.0296 | -0.0073 | -0.0142 | 18 | -0.2623 | -1.44 | 2 |
| stop | slOpp | 0.2 | 0 | 1381 | -0.0336 | -1.24 | 0.917 | 2 | -0.0636 | -0.0024 | -0.0188 | 79 | -0.278 | -2.35 | 2 |
| stop | slOpp | 0.2 | 0.1 | 803 | -0.0481 | -1.85 | 0.843 | 0 | -0.0531 | -0.0432 | -0.0435 | 9 | -0.4554 | -2.07 | 0 |
| stop | slOpp | 0.3 | 0 | 1123 | -0.0223 | -0.82 | 0.938 | 3 | -0.0486 | 0.0051 | -0.0121 | 40 | -0.2999 | -2.1 | 2 |
| stop | slOpp | 0.3 | 0.1 | 634 | -0.031 | -1.11 | 0.891 | 2 | -0.0157 | -0.0462 | -0.0288 | 3 | -0.4894 | -1.74 | 0 |
| conf15 | sl1W | 0 | 0 | 1511 | -0.0155 | -0.47 | 0.969 | 3 | -0.0208 | -0.0103 | 0.0002 | 67 | -0.3537 | -2.46 | 1 |
| conf15 | sl1W | 0 | 0.1 | 867 | -0.046 | -1.09 | 0.91 | 2 | -0.0654 | -0.0266 | -0.0478 | 4 | 0.3442 | 0.32 | 1 |
| conf15 | sl1W | 0.1 | 0 | 1231 | -0.0164 | -0.44 | 0.968 | 2 | -0.0411 | 0.0076 | -0.0063 | 32 | -0.3931 | -1.84 | 1 |
| conf15 | sl1W | 0.1 | 0.1 | 682 | -0.0577 | -1.18 | 0.891 | 3 | -0.0601 | -0.0553 | -0.0563 | 1 | -1.0243 |  | 0 |
| conf15 | sl1W | 0.2 | 0 | 1000 | -0.0471 | -1.11 | 0.913 | 2 | -0.0765 | -0.0196 | -0.0397 | 17 | -0.4719 | -1.58 | 1 |
| conf15 | sl1W | 0.2 | 0.1 | 518 | -0.0489 | -0.83 | 0.911 | 4 | -0.0331 | -0.0649 | -0.0489 | 0 |  |  | 0 |
| conf15 | sl1W | 0.3 | 0 | 800 | -0.0678 | -1.46 | 0.877 | 2 | -0.0545 | -0.0807 | -0.0652 | 10 | -0.2788 | -0.57 | 1 |
| conf15 | sl1W | 0.3 | 0.1 | 410 | -0.0873 | -1.31 | 0.847 | 3 | -0.0459 | -0.1298 | -0.0873 | 0 |  |  | 0 |
| conf15 | sl0.5W | 0 | 0 | 1511 | -0.1238 | -2.51 | 0.837 | 2 | -0.0553 | -0.1908 | -0.1032 | 67 | -0.5681 | -3.07 | 1 |
| conf15 | sl0.5W | 0 | 0.1 | 867 | -0.0832 | -1.25 | 0.887 | 2 | -0.035 | -0.1312 | -0.0798 | 4 | -0.8169 | -3.17 | 0 |
| conf15 | sl0.5W | 0.1 | 0 | 1231 | -0.1475 | -2.69 | 0.808 | 1 | -0.1189 | -0.1753 | -0.1384 | 32 | -0.4911 | -1.88 | 1 |
| conf15 | sl0.5W | 0.1 | 0.1 | 682 | -0.117 | -1.61 | 0.844 | 3 | -0.0658 | -0.167 | -0.1156 | 1 | -1.0486 |  | 0 |
| conf15 | sl0.5W | 0.2 | 0 | 1000 | -0.1603 | -2.56 | 0.797 | 1 | -0.1244 | -0.1937 | -0.1465 | 17 | -0.9529 | -12.28 | 0 |
| conf15 | sl0.5W | 0.2 | 0.1 | 518 | -0.1599 | -1.85 | 0.795 | 2 | -0.0428 | -0.2779 | -0.1599 | 0 |  |  | 0 |
| conf15 | sl0.5W | 0.3 | 0 | 800 | -0.1387 | -1.97 | 0.822 | 1 | -0.0842 | -0.1914 | -0.127 | 10 | -1.0653 | -139.52 | 0 |
| conf15 | sl0.5W | 0.3 | 0.1 | 410 | -0.2643 | -2.77 | 0.677 | 3 | -0.1192 | -0.4137 | -0.2643 | 0 |  |  | 0 |
| conf15 | slOpp | 0 | 0 | 1511 | -0.0199 | -0.68 | 0.956 | 3 | -0.034 | -0.0062 | -0.0092 | 67 | -0.2511 | -1.95 | 3 |
| conf15 | slOpp | 0 | 0.1 | 867 | -0.0069 | -0.25 | 0.978 | 3 | -0.028 | 0.0143 | -0.009 | 4 | 0.4532 | 0.95 | 2 |
| conf15 | slOpp | 0.1 | 0 | 1231 | -0.0179 | -0.62 | 0.955 | 3 | -0.0413 | 0.0049 | -0.0127 | 32 | -0.2129 | -1.23 | 2 |
| conf15 | slOpp | 0.1 | 0.1 | 682 | -0.0299 | -1.06 | 0.901 | 2 | -0.0486 | -0.0116 | -0.0309 | 1 | 0.6561 |  | 1 |
| conf15 | slOpp | 0.2 | 0 | 1000 | -0.035 | -1.2 | 0.906 | 2 | -0.0658 | -0.0063 | -0.0283 | 17 | -0.4233 | -1.95 | 1 |
| conf15 | slOpp | 0.2 | 0.1 | 518 | -0.0241 | -0.76 | 0.916 | 4 | -0.037 | -0.011 | -0.0241 | 0 |  |  | 0 |
| conf15 | slOpp | 0.3 | 0 | 800 | -0.0331 | -1.12 | 0.903 | 2 | -0.0392 | -0.0272 | -0.0322 | 10 | -0.1079 | -0.35 | 1 |
| conf15 | slOpp | 0.3 | 0.1 | 410 | -0.0457 | -1.35 | 0.837 | 3 | -0.0501 | -0.041 | -0.0457 | 0 |  |  | 0 |

### T2_ldn7-8

| mode | exit | buf_k | buf_atr | n | avg_R | t_stat | PF | yrs_pos | L_avg | S_avg | first_avg | rev_n | rev_avg | rev_t | rev_yrs |
|---|---|---|---|---|---|---|---|---|---|---|---|---|---|---|---|
| stop | sl1W | 0 | 0 | 2805 | -0.053 | -1.25 | 0.932 | 2 | -0.0839 | -0.0195 | -0.0396 | 792 | -0.087 | -1.13 | 3 |
| stop | sl1W | 0 | 0.1 | 1676 | -0.1195 | -2.36 | 0.849 | 3 | -0.1102 | -0.1295 | -0.1277 | 101 | 0.0078 | 0.03 | 4 |
| stop | sl1W | 0.1 | 0 | 2616 | -0.0969 | -2.24 | 0.877 | 1 | -0.1328 | -0.0579 | -0.0838 | 638 | -0.1376 | -1.61 | 2 |
| stop | sl1W | 0.1 | 0.1 | 1498 | -0.144 | -2.7 | 0.821 | 2 | -0.1319 | -0.1568 | -0.1446 | 71 | -0.1308 | -0.44 | 2 |
| stop | sl1W | 0.2 | 0 | 2397 | -0.1133 | -2.51 | 0.858 | 0 | -0.1382 | -0.0863 | -0.1056 | 483 | -0.144 | -1.47 | 3 |
| stop | sl1W | 0.2 | 0.1 | 1358 | -0.1579 | -2.77 | 0.806 | 2 | -0.164 | -0.1515 | -0.1726 | 53 | 0.2038 | 0.51 | 3 |
| stop | sl1W | 0.3 | 0 | 2184 | -0.1238 | -2.69 | 0.846 | 1 | -0.1527 | -0.092 | -0.1032 | 365 | -0.2259 | -2.04 | 3 |
| stop | sl1W | 0.3 | 0.1 | 1210 | -0.207 | -3.46 | 0.751 | 1 | -0.1974 | -0.2167 | -0.2185 | 39 | 0.1379 | 0.28 | 6 |
| stop | sl0.5W | 0 | 0 | 2805 | -0.3698 | -7.42 | 0.624 | 0 | -0.3989 | -0.3383 | -0.366 | 792 | -0.3794 | -4.12 | 0 |
| stop | sl0.5W | 0 | 0.1 | 1676 | -0.4367 | -6.73 | 0.564 | 0 | -0.4017 | -0.4743 | -0.4425 | 101 | -0.3456 | -0.94 | 3 |
| stop | sl0.5W | 0.1 | 0 | 2616 | -0.347 | -6.1 | 0.65 | 0 | -0.3253 | -0.3706 | -0.2965 | 638 | -0.5037 | -4.76 | 0 |
| stop | sl0.5W | 0.1 | 0.1 | 1498 | -0.543 | -8.52 | 0.468 | 0 | -0.4462 | -0.6461 | -0.558 | 71 | -0.2405 | -0.48 | 3 |
| stop | sl0.5W | 0.2 | 0 | 2397 | -0.4014 | -7.17 | 0.598 | 0 | -0.4097 | -0.3924 | -0.3413 | 483 | -0.6397 | -7.12 | 0 |
| stop | sl0.5W | 0.2 | 0.1 | 1358 | -0.5732 | -8.6 | 0.441 | 0 | -0.463 | -0.6884 | -0.5665 | 53 | -0.7385 | -2.76 | 2 |
| stop | sl0.5W | 0.3 | 0 | 2184 | -0.3639 | -5.83 | 0.636 | 0 | -0.3273 | -0.4041 | -0.3342 | 365 | -0.5119 | -3.57 | 2 |
| stop | sl0.5W | 0.3 | 0.1 | 1210 | -0.5267 | -7.15 | 0.487 | 0 | -0.4391 | -0.616 | -0.5068 | 39 | -1.1227 | -152.72 | 0 |
| stop | slOpp | 0 | 0 | 2805 | -0.0384 | -0.91 | 0.95 | 2 | -0.0651 | -0.0095 | -0.0159 | 792 | -0.0957 | -1.26 | 2 |
| stop | slOpp | 0 | 0.1 | 1676 | -0.0128 | -0.42 | 0.974 | 3 | -0.0422 | 0.0187 | -0.0141 | 101 | 0.0065 | 0.05 | 4 |
| stop | slOpp | 0.1 | 0 | 2616 | -0.0455 | -1.16 | 0.937 | 2 | -0.0698 | -0.019 | -0.0372 | 638 | -0.0711 | -0.93 | 3 |
| stop | slOpp | 0.1 | 0.1 | 1498 | -0.0052 | -0.17 | 0.989 | 3 | -0.0431 | 0.0353 | -0.0008 | 71 | -0.093 | -0.58 | 3 |
| stop | slOpp | 0.2 | 0 | 2397 | -0.0326 | -0.88 | 0.952 | 2 | -0.052 | -0.0114 | -0.035 | 483 | -0.0231 | -0.28 | 4 |
| stop | slOpp | 0.2 | 0.1 | 1358 | -0.0236 | -0.79 | 0.947 | 3 | -0.0575 | 0.0118 | -0.0235 | 53 | -0.0262 | -0.14 | 3 |
| stop | slOpp | 0.3 | 0 | 2184 | -0.0326 | -0.92 | 0.948 | 2 | -0.08 | 0.0195 | -0.0305 | 365 | -0.0431 | -0.5 | 3 |
| stop | slOpp | 0.3 | 0.1 | 1210 | -0.0451 | -1.51 | 0.897 | 1 | -0.0776 | -0.0119 | -0.0469 | 39 | 0.0075 | 0.03 | 2 |
| conf15 | sl1W | 0 | 0 | 2167 | -0.0981 | -2.1 | 0.876 | 2 | -0.0619 | -0.1334 | -0.0821 | 280 | -0.2057 | -1.76 | 3 |
| conf15 | sl1W | 0 | 0.1 | 1180 | -0.1997 | -3.42 | 0.756 | 1 | -0.1667 | -0.2312 | -0.2048 | 18 | 0.1308 | 0.24 | 3 |
| conf15 | sl1W | 0.1 | 0 | 1975 | -0.1009 | -2.06 | 0.873 | 2 | -0.0802 | -0.1213 | -0.0756 | 197 | -0.3288 | -2.46 | 2 |
| conf15 | sl1W | 0.1 | 0.1 | 1048 | -0.1872 | -2.93 | 0.771 | 2 | -0.1481 | -0.2236 | -0.1914 | 10 | 0.2524 | 0.31 | 2 |
| conf15 | sl1W | 0.2 | 0 | 1773 | -0.0978 | -1.86 | 0.878 | 1 | -0.078 | -0.1174 | -0.0762 | 130 | -0.3706 | -2.15 | 1 |
| conf15 | sl1W | 0.2 | 0.1 | 933 | -0.1732 | -2.51 | 0.788 | 2 | -0.1244 | -0.2183 | -0.1807 | 6 | 0.9848 | 0.76 | 2 |
| conf15 | sl1W | 0.3 | 0 | 1621 | -0.1165 | -2.12 | 0.857 | 2 | -0.1114 | -0.1215 | -0.095 | 98 | -0.4512 | -2.22 | 2 |
| conf15 | sl1W | 0.3 | 0.1 | 825 | -0.2153 | -3.03 | 0.739 | 1 | -0.0928 | -0.3311 | -0.2112 | 4 | -1.0615 | -72.95 | 0 |
| conf15 | sl0.5W | 0 | 0 | 2167 | -0.3374 | -5.59 | 0.657 | 0 | -0.2727 | -0.4006 | -0.339 | 280 | -0.3261 | -1.91 | 1 |
| conf15 | sl0.5W | 0 | 0.1 | 1180 | -0.4284 | -5.27 | 0.576 | 0 | -0.3488 | -0.5045 | -0.4259 | 18 | -0.5883 | -1.1 | 1 |
| conf15 | sl0.5W | 0.1 | 0 | 1975 | -0.3777 | -6.24 | 0.619 | 0 | -0.3129 | -0.4414 | -0.3709 | 197 | -0.4397 | -2.27 | 1 |
| conf15 | sl0.5W | 0.1 | 0.1 | 1048 | -0.3967 | -4.28 | 0.609 | 0 | -0.2858 | -0.4998 | -0.3896 | 10 | -1.136 | -67.23 | 0 |
| conf15 | sl0.5W | 0.2 | 0 | 1773 | -0.395 | -6.22 | 0.605 | 0 | -0.3577 | -0.4319 | -0.4061 | 130 | -0.2553 | -0.88 | 3 |
| conf15 | sl0.5W | 0.2 | 0.1 | 933 | -0.4132 | -4.19 | 0.592 | 1 | -0.2148 | -0.5965 | -0.4087 | 6 | -1.1203 | -46.3 | 0 |
| conf15 | sl0.5W | 0.3 | 0 | 1621 | -0.4378 | -6.84 | 0.566 | 0 | -0.3729 | -0.5014 | -0.4384 | 98 | -0.4285 | -1.31 | 2 |
| conf15 | sl0.5W | 0.3 | 0.1 | 825 | -0.4792 | -4.78 | 0.531 | 0 | -0.2744 | -0.673 | -0.4761 | 4 | -1.123 | -38.59 | 0 |
| conf15 | slOpp | 0 | 0 | 2167 | -0.0404 | -1.01 | 0.941 | 2 | -0.0422 | -0.0386 | -0.027 | 280 | -0.1308 | -1.29 | 2 |
| conf15 | slOpp | 0 | 0.1 | 1180 | -0.0444 | -1.39 | 0.904 | 1 | -0.0659 | -0.0238 | -0.05 | 18 | 0.317 | 1.2 | 4 |
| conf15 | slOpp | 0.1 | 0 | 1975 | -0.039 | -1.01 | 0.94 | 1 | -0.0624 | -0.0159 | -0.0279 | 197 | -0.1385 | -1.26 | 3 |
| conf15 | slOpp | 0.1 | 0.1 | 1048 | -0.0538 | -1.67 | 0.88 | 3 | -0.0646 | -0.0437 | -0.0569 | 10 | 0.2661 | 0.7 | 3 |
| conf15 | slOpp | 0.2 | 0 | 1773 | -0.03 | -0.78 | 0.951 | 3 | -0.0521 | -0.008 | -0.0222 | 130 | -0.1281 | -0.94 | 4 |
| conf15 | slOpp | 0.2 | 0.1 | 933 | -0.0529 | -1.63 | 0.876 | 3 | -0.0544 | -0.0515 | -0.0562 | 6 | 0.4553 | 0.86 | 2 |
| conf15 | slOpp | 0.3 | 0 | 1621 | -0.0411 | -1.11 | 0.929 | 2 | -0.0602 | -0.0224 | -0.0311 | 98 | -0.1968 | -1.35 | 3 |
| conf15 | slOpp | 0.3 | 0.1 | 825 | -0.0393 | -1.19 | 0.901 | 3 | -0.0353 | -0.0431 | -0.0383 | 4 | -0.2394 | -0.52 | 1 |

### T3_ldn8-13

| mode | exit | buf_k | buf_atr | n | avg_R | t_stat | PF | yrs_pos | L_avg | S_avg | first_avg | rev_n | rev_avg | rev_t | rev_yrs |
|---|---|---|---|---|---|---|---|---|---|---|---|---|---|---|---|
| stop | sl1W | 0 | 0 | 2520 | -0.0481 | -2 | 0.896 | 1 | -0.0405 | -0.0561 | -0.0394 | 566 | -0.0781 | -1.61 | 2 |
| stop | sl1W | 0 | 0.1 | 1878 | -0.0811 | -2.97 | 0.829 | 1 | -0.04 | -0.1243 | -0.0741 | 213 | -0.1352 | -1.6 | 2 |
| stop | sl1W | 0.1 | 0 | 2281 | -0.0701 | -2.76 | 0.853 | 1 | -0.0606 | -0.08 | -0.0512 | 431 | -0.1509 | -2.75 | 1 |
| stop | sl1W | 0.1 | 0.1 | 1663 | -0.0873 | -2.97 | 0.819 | 0 | -0.0557 | -0.12 | -0.0715 | 156 | -0.2401 | -2.61 | 2 |
| stop | sl1W | 0.2 | 0 | 2046 | -0.0834 | -3.1 | 0.828 | 1 | -0.0385 | -0.1297 | -0.0684 | 331 | -0.1615 | -2.43 | 1 |
| stop | sl1W | 0.2 | 0.1 | 1425 | -0.0728 | -2.25 | 0.848 | 1 | -0.0206 | -0.1266 | -0.055 | 108 | -0.2894 | -2.48 | 2 |
| stop | sl1W | 0.3 | 0 | 1802 | -0.0873 | -3.04 | 0.824 | 1 | -0.0465 | -0.1283 | -0.0888 | 246 | -0.0777 | -0.93 | 3 |
| stop | sl1W | 0.3 | 0.1 | 1273 | -0.075 | -2.2 | 0.843 | 2 | -0.0341 | -0.1179 | -0.0624 | 83 | -0.2553 | -1.77 | 2 |
| stop | sl0.5W | 0 | 0 | 2520 | -0.1765 | -4.96 | 0.759 | 0 | -0.1799 | -0.173 | -0.1214 | 566 | -0.3668 | -6.35 | 0 |
| stop | sl0.5W | 0 | 0.1 | 1878 | -0.2137 | -5.25 | 0.707 | 0 | -0.193 | -0.2355 | -0.1927 | 213 | -0.3779 | -3.09 | 1 |
| stop | sl0.5W | 0.1 | 0 | 2281 | -0.1979 | -5.33 | 0.732 | 0 | -0.1836 | -0.2129 | -0.1311 | 431 | -0.4849 | -8.44 | 0 |
| stop | sl0.5W | 0.1 | 0.1 | 1663 | -0.2323 | -5.54 | 0.684 | 0 | -0.2226 | -0.2424 | -0.1959 | 156 | -0.584 | -6.81 | 0 |
| stop | sl0.5W | 0.2 | 0 | 2046 | -0.2083 | -5.41 | 0.718 | 0 | -0.188 | -0.2292 | -0.1418 | 331 | -0.5528 | -8.84 | 0 |
| stop | sl0.5W | 0.2 | 0.1 | 1425 | -0.2373 | -5.41 | 0.679 | 0 | -0.2444 | -0.23 | -0.1935 | 108 | -0.7717 | -9.9 | 0 |
| stop | sl0.5W | 0.3 | 0 | 1802 | -0.2026 | -4.71 | 0.725 | 0 | -0.1605 | -0.2449 | -0.1669 | 246 | -0.428 | -4.78 | 0 |
| stop | sl0.5W | 0.3 | 0.1 | 1273 | -0.2441 | -5.38 | 0.668 | 0 | -0.2505 | -0.2372 | -0.2096 | 83 | -0.7378 | -7.98 | 0 |
| stop | slOpp | 0 | 0 | 2520 | -0.0502 | -2.11 | 0.891 | 1 | -0.0431 | -0.0578 | -0.0423 | 566 | -0.0774 | -1.62 | 1 |
| stop | slOpp | 0 | 0.1 | 1878 | -0.0522 | -2.94 | 0.835 | 0 | -0.033 | -0.0725 | -0.0467 | 213 | -0.0952 | -1.84 | 2 |
| stop | slOpp | 0.1 | 0 | 2281 | -0.0628 | -2.89 | 0.847 | 0 | -0.0501 | -0.0761 | -0.0463 | 431 | -0.1338 | -2.82 | 1 |
| stop | slOpp | 0.1 | 0.1 | 1663 | -0.0561 | -3.26 | 0.807 | 0 | -0.0322 | -0.0807 | -0.0459 | 156 | -0.154 | -2.94 | 1 |
| stop | slOpp | 0.2 | 0 | 2046 | -0.0651 | -3.16 | 0.825 | 1 | -0.034 | -0.0972 | -0.0539 | 331 | -0.1234 | -2.43 | 1 |
| stop | slOpp | 0.2 | 0.1 | 1425 | -0.0373 | -2.15 | 0.856 | 1 | -0.0131 | -0.0623 | -0.0286 | 108 | -0.1439 | -2.44 | 2 |
| stop | slOpp | 0.3 | 0 | 1802 | -0.0614 | -3.07 | 0.82 | 1 | -0.0286 | -0.0945 | -0.0582 | 246 | -0.0818 | -1.43 | 2 |
| stop | slOpp | 0.3 | 0.1 | 1273 | -0.0343 | -2.02 | 0.855 | 1 | -0.012 | -0.0577 | -0.0271 | 83 | -0.137 | -2.06 | 2 |
| conf15 | sl1W | 0 | 0 | 1983 | -0.0773 | -3.02 | 0.83 | 1 | -0.0477 | -0.1075 | -0.076 | 235 | -0.0874 | -1.06 | 3 |
| conf15 | sl1W | 0 | 0.1 | 1384 | -0.0393 | -1.31 | 0.907 | 3 | -0.0037 | -0.0745 | -0.0317 | 61 | -0.2034 | -1.88 | 2 |
| conf15 | sl1W | 0.1 | 0 | 1781 | -0.0726 | -2.66 | 0.84 | 0 | -0.0371 | -0.1077 | -0.0742 | 183 | -0.0589 | -0.6 | 3 |
| conf15 | sl1W | 0.1 | 0.1 | 1187 | -0.0221 | -0.67 | 0.948 | 3 | 0.0166 | -0.0608 | -0.0187 | 44 | -0.1108 | -0.81 | 3 |
| conf15 | sl1W | 0.2 | 0 | 1531 | -0.0732 | -2.54 | 0.839 | 2 | -0.0534 | -0.0929 | -0.072 | 119 | -0.0875 | -0.74 | 3 |
| conf15 | sl1W | 0.2 | 0.1 | 1024 | -0.0175 | -0.49 | 0.959 | 3 | 0.0017 | -0.0368 | -0.0157 | 31 | -0.0774 | -0.48 | 4 |
| conf15 | sl1W | 0.3 | 0 | 1327 | -0.0421 | -1.34 | 0.905 | 3 | -0.0115 | -0.0724 | -0.036 | 79 | -0.1379 | -1.06 | 2 |
| conf15 | sl1W | 0.3 | 0.1 | 895 | -0.0079 | -0.2 | 0.982 | 4 | -0.0064 | -0.0095 | -0.0082 | 19 | 0.006 | 0.03 | 3 |
| conf15 | sl0.5W | 0 | 0 | 1983 | -0.1349 | -3.22 | 0.808 | 0 | -0.1044 | -0.1659 | -0.1351 | 235 | -0.1337 | -0.99 | 2 |
| conf15 | sl0.5W | 0 | 0.1 | 1384 | -0.0977 | -2 | 0.856 | 3 | -0.0796 | -0.1157 | -0.0838 | 61 | -0.4012 | -2.22 | 2 |
| conf15 | sl0.5W | 0.1 | 0 | 1781 | -0.1155 | -2.55 | 0.834 | 0 | -0.0691 | -0.1614 | -0.1229 | 183 | -0.0512 | -0.29 | 3 |
| conf15 | sl0.5W | 0.1 | 0.1 | 1187 | -0.0634 | -1.17 | 0.905 | 3 | -0.034 | -0.0928 | -0.0548 | 44 | -0.2857 | -1.2 | 3 |
| conf15 | sl0.5W | 0.2 | 0 | 1531 | -0.1329 | -2.84 | 0.811 | 0 | -0.1097 | -0.156 | -0.1349 | 119 | -0.1099 | -0.53 | 3 |
| conf15 | sl0.5W | 0.2 | 0.1 | 1024 | -0.028 | -0.47 | 0.958 | 3 | -0.0044 | -0.0515 | -0.0166 | 31 | -0.3925 | -1.37 | 3 |
| conf15 | sl0.5W | 0.3 | 0 | 1327 | -0.0832 | -1.6 | 0.88 | 3 | -0.0452 | -0.1209 | -0.0794 | 79 | -0.1437 | -0.64 | 3 |
| conf15 | sl0.5W | 0.3 | 0.1 | 895 | -0.0032 | -0.05 | 0.995 | 4 | -0.0031 | -0.0033 | 0.0003 | 19 | -0.1646 | -0.38 | 2 |
| conf15 | slOpp | 0 | 0 | 1983 | -0.08 | -3.9 | 0.79 | 1 | -0.0563 | -0.1042 | -0.0829 | 235 | -0.0589 | -0.91 | 2 |
| conf15 | slOpp | 0 | 0.1 | 1384 | -0.0464 | -2.78 | 0.817 | 1 | -0.0245 | -0.0682 | -0.0442 | 61 | -0.096 | -1.64 | 2 |
| conf15 | slOpp | 0.1 | 0 | 1781 | -0.072 | -3.7 | 0.788 | 0 | -0.0458 | -0.0979 | -0.076 | 183 | -0.0369 | -0.52 | 3 |
| conf15 | slOpp | 0.1 | 0.1 | 1187 | -0.0326 | -1.92 | 0.857 | 2 | -0.0108 | -0.0544 | -0.0322 | 44 | -0.0414 | -0.62 | 4 |
| conf15 | slOpp | 0.2 | 0 | 1531 | -0.0726 | -3.93 | 0.763 | 0 | -0.0616 | -0.0834 | -0.0741 | 119 | -0.0545 | -0.78 | 3 |
| conf15 | slOpp | 0.2 | 0.1 | 1024 | -0.0237 | -1.43 | 0.884 | 2 | -0.0093 | -0.0382 | -0.0227 | 31 | -0.0562 | -0.81 | 4 |
| conf15 | slOpp | 0.3 | 0 | 1327 | -0.0544 | -3 | 0.799 | 0 | -0.0336 | -0.075 | -0.0512 | 79 | -0.1046 | -1.59 | 2 |
| conf15 | slOpp | 0.3 | 0.1 | 895 | -0.0183 | -1.08 | 0.904 | 2 | -0.015 | -0.0216 | -0.0174 | 19 | -0.0617 | -0.73 | 3 |