Gold (OG|GC) G1WU6 (0.13 DTE) vs 4390 (+27.2) - Open Interest
Put: 5,322  Call: 4,704  Vol: 32.39  Vol Chg: 4.59  Future Chg: 27.2
Strike,Call,Put,Vol Settle
4310,0,19,0.29171734116607695
4315,0,203,0.28827280779296416
4320,2,22,0.28510881808324484
4325,48,87,0.2822334808479354
4330,3,20,0.279653847010195
4335,2,15,0.2773759094743582
4340,13,69,0.27540460317686666
4345,0,35,0.27374380510809715
4350,28,108,0.2723963342687057
4355,1,19,0.2713639517132833
4360,16,122,0.2706473604339408
4365,19,133,0.2702462055713113
4370,27,13,0.2701590741889959
4375,181,77,0.27038349549184204
4380,81,32,0.2709159405931132
4385,85,102,0.27175182270730147
4390,19,15,0.2728854970409884
4395,36,21,0.2743102608801564
4400,195,117,0.27601835349560133
4405,18,3,0.2780009561465704
4410,33,8,0.28024819224810926
4415,10,7,0.2827491270909377
4420,15,4,0.2854917681142979
4425,91,71,0.2884630646876758
4430,107,4,0.29164890829633805
4435,17,10,0.2950341324103647
4440,98,3,0.29860251249556313
4445,9,25,0.30233676613715943
4450,273,213,0.30621855283970945
4455,21,3,0.31022847421627375
4460,37,9,0.3143460738720023
4465,6,9,0.31854983745506615
4470,54,2,0.32281719260208774