Gold (OG|GC) OGQ6 (0.13 DTE) vs 4028.8 (-48.2) - Open Interest
Put: 68,008  Call: 139,991  Vol: 24.81  Vol Chg: -2.88  Future Chg: -48.2
Strike,Call,Put,Vol Settle
3975,221,218,0.324982129590353
3980,30,192,0.3203185665261117
3985,4,72,0.31549078781245044
3990,24,241,0.31054239434888586
3995,85,173,0.30551489693607436
4000,1340,4072,0.3004477161084651
4005,38,56,0.2953781824617181
4010,72,170,0.29034153622342274
4015,15,71,0.28537092752958415
4020,73,225,0.28049741646827897
4025,401,617,0.2757499727231334
4030,92,213,0.27115547616267577
4035,96,225,0.26673871619277634
4040,152,264,0.26252239223686047
4045,86,171,0.2585271134521463
4050,987,1105,0.2547713989188196
4055,91,105,0.25127167764730984
4060,286,254,0.24804228824359598
4065,117,96,0.24509547944035148
4070,119,125,0.24244140953669557
4075,446,599,0.24008814693661407
4080,527,346,0.23804166967602214
4085,262,400,0.2363058657865622